tree
version=v4
num_class=3
num_tree_per_iteration=3
label_index=0
max_feature_idx=16
objective=multiclass num_class:3
feature_names=Column_0 Column_1 Column_2 Column_3 Column_4 Column_5 Column_6 Column_7 Column_8 Column_9 Column_10 Column_11 Column_12 Column_13 Column_14 Column_15 Column_16
feature_infos=[0.086754188311691002:0.85140870044806871] [0.10017014691042106:0.33202678884278808] [0.048421152641510187:0.76801120662438094] [0.086754188311691002:0.85140870044806871] [0.10017014691042106:0.33202678884278808] [0.048421152641510187:0.76801120662438094] [3:795] [0.0028294880874981908:0.059060525215619053] [0.51405062146075409:1.0982046856352692] [0.0030922600196434313:0.082909136867337224] [0.00093025984616193047:0.072457992284443246] [0.00063725195274790653:0.11918158966071879] [0.023275293869840064:0.80298754780655868] [-0.031562555454941743:0.040779570327278636] [-0.012340057291271855:0.014495413292913595] [-0.041310064996805895:0.026207383256913686] [0:0.058672695778286724]
tree_sizes=3145 3100 3316 3179 3198 3400 3189 3388 3404 3294 3204 3420

Tree=0
num_leaves=29
num_cat=0
split_feature=0 0 14 1 15 11 16 7 1 13 7 1 0 0 1 0 16 1 2 0 10 1 8 10 11 6 8 0
split_gain=59.6702 11.6817 9.03837 6.41448 3.70912 5.41372 5.03755 3.69428 3.57611 4.05145 3.5051 3.79972 3.50473 3.24143 3.58806 3.22299 3.24771 3.16973 2.22685 3.92011 3.27056 2.39429 2.27622 2.15508 1.97002 1.83372 0.951409 0.268494
threshold=0.48437044224595832 0.58700014055591609 -0.00078805768077730421 0.22671255486035316 -0.0041352188986156493 0.013987929864317159 0.0023461881310969878 0.014700701178993658 0.27105764256311787 -1.0000000180025095e-35 0.0097318072669688796 0.31088204724222473 0.45512407420485784 0.40063482042196635 0.26117944936193499 0.73819455992658956 0.0051406379904850594 0.24866056764712061 0.36096199469726203 0.31611376829036869 0.010867918236496677 0.29584790513968645 1.084662751258741 0.012119527454304222 0.013595589951472012 34.500000000000007 1.0816610934716313 0.52066391969131542
decision_type=2 2 2 2 2 2 2 2 2 2 2 2 2 2 2 2 2 2 2 2 2 2 2 2 2 2 2 2
left_child=2 4 7 -4 -2 6 17 26 9 -5 -10 12 18 23 -15 16 25 -6 20 -20 21 24 -22 -11 -12 -3 -1 -7
right_child=1 15 3 8 5 27 -8 -9 10 13 11 -13 -14 14 -16 -17 -18 -19 19 -21 22 -23 -24 -25 -26 -27 -28 -29
leaf_value=-0.86174062480422786 -0.80903229783262653 -0.6842700960286221 -0.8896361152053055 -0.82835421172362778 -0.74331393638854193 -0.67420156746198312 -0.6983660360219166 -0.81534238232405709 -0.74132509123957613 -0.80808578515891194 -0.8688597864170029 -0.75978406027841427 -0.75474979599509473 -0.76817450075061344 -0.67420156746198312 -0.63392745319542732 -0.6446672169998422 -0.81803768984253966 -0.84368846500040551 -0.76433887082046525 -0.83313274956763883 -0.77354438265282088 -0.89452466315549439 -0.74132509123957613 -0.80013808350184812 -0.73719441285326281 -0.90242154830579946 -0.70105097697302032
leaf_weight=12.290773093700411 8.5662963986396772 11.918325424194338 7.8214010596275321 10.800982415676115 10.056087076663973 7.4489533901214582 9.3111917376518232 13.780563771724699 7.4489533901214591 13.780563771724703 8.9387440681457573 11.918325424194334 7.4489533901214591 8.9387440681457537 7.4489533901214591 11.173430085182188 9.3111917376518232 13.035668432712553 11.918325424194338 13.035668432712553 11.545877754688265 9.3111917376518232 12.66322076320648 7.4489533901214591 7.8214010596275321 14.525459110736845 10.800982415676115 7.44895339012146
leaf_count=33 23 32 21 29 27 20 25 37 20 37 24 32 20 24 20 30 25 35 32 35 31 25 34 20 21 39 29 20
internal_value=-0.77925 -0.717589 -0.811728 -0.801341 -0.748485 -0.73752 -0.760459 -0.856317 -0.796752 -0.774371 -0.807371 -0.812571 -0.82018 -0.75887 -0.72546 -0.680807 -0.695457 -0.785497 -0.826658 -0.802237 -0.838779 -0.814202 -0.865245 -0.784661 -0.83679 -0.713341 -0.880769 -0.687626
internal_weight=297.958 102.796 195.163 158.29 55.8672 47.3009 32.4029 36.8723 150.469 48.4182 102.051 94.6017 82.6834 37.6172 16.3877 46.9284 35.755 23.0918 75.2344 24.954 50.2804 26.0713 24.2091 21.2295 16.7601 26.4438 23.0918 14.8979
internal_count=800 276 524 425 150 127 87 99 404 130 274 254 222 101 44 126 96 62 202 67 135 70 65 57 45 71 62 40
is_linear=0
shrinkage=1


Tree=1
num_leaves=29
num_cat=0
split_feature=12 1 16 7 8 11 12 7 7 0 14 6 6 1 12 13 15 16 13 12 7 9 6 2 9 12 9 16
split_gain=19.174 6.37115 5.29547 9.14983 4.76214 5.71463 5.29482 4.74163 5.82728 4.29864 4.39092 3.65582 3.4745 3.30377 2.65387 2.59826 2.38024 2.25695 2.12507 2.41222 1.74687 1.26797 2.31342 2.26827 1.35743 1.03018 0.934362 1.97958
threshold=0.41124179630106455 0.27883940131933277 0.001100995966384647 0.011571026312927698 1.0904316264663794 0.015868029515416656 0.12281292969144737 0.011246946411318981 0.012841936266097883 0.37008073930857971 8.0637402359112778e-05 12.500000000000002 33.500000000000007 0.29507981515961368 0.19449241219385696 -0.00076050642616914954 0.0026355876479131628 0.0038487724149627966 0.0060846100971868886 0.17018490493704755 0.015703345573629492 0.014029060558630678 32.500000000000007 0.31572507075072981 0.017438103569565575 0.17457144164092217 0.014859632635500041 0.0026424132133729293
decision_type=2 2 2 2 2 2 2 2 2 2 2 2 2 2 2 2 2 2 2 2 2 2 2 2 2 2 2 2
left_child=1 2 11 15 5 6 -3 -8 -9 10 12 -1 -6 -10 -7 -4 17 -5 19 -19 26 25 23 -23 -24 -13 -2 -28
right_child=20 4 3 16 9 14 7 8 13 -11 -12 21 -14 -15 -16 -17 -18 18 -20 -21 -22 22 24 -25 -26 -27 27 -29
leaf_value=-1.3837880747505256 -1.5047623736492426 -1.2706185693291454 -1.362749066246401 -1.3907008918304522 -1.4070523630002789 -1.3800076279099407 -1.4387763924317605 -1.250716345961937 -1.3300217196844293 -1.4707383520839783 -1.4509960185831461 -1.444275224199884 -1.3103393932763048 -1.4321777943100122 -1.4684700839796274 -1.2688624907967445 -1.3595932149707823 -1.42227989712739 -1.4031439625743203 -1.5047623736492426 -1.4321777943100122 -1.3595932149707823 -1.4425470199299024 -1.4503239391448199 -1.5047623736492426 -1.4949536467115088 -1.4387763924317605 -1.5047623736492426
leaf_weight=9.0928404629230482 16.256896585226059 8.5417592227458936 6.3374342620372772 9.6439217031002062 7.1640561223030144 8.8172998428344709 6.0618936419487026 5.5108124017715481 7.4395967423915845 8.8172998428344709 7.4395967423915854 6.6129748821258572 7.7151373624801636 5.5108124017715454 5.5108124017715445 5.5108124017715436 5.5108124017715445 6.0618936419487026 6.8885155022144309 8.5417592227458936 6.8885155022144309 5.5108124017715472 9.6439217031002027 5.5108124017715454 5.5108124017715445 10.195002943277357 9.0928404629230517 9.0928404629230482
leaf_count=33 59 31 23 35 26 32 22 20 27 32 27 24 28 20 20 20 20 22 25 31 25 20 35 20 20 37 33 33
internal_value=-1.41675 -1.40259 -1.41925 -1.39547 -1.38124 -1.36128 -1.33842 -1.36204 -1.33684 -1.41162 -1.38827 -1.44139 -1.3569 -1.37349 -1.41403 -1.31908 -1.42017 -1.43089 -1.44893 -1.47052 -1.47815 -1.45358 -1.43982 -1.40496 -1.46517 -1.47501 -1.48734 -1.47177
internal_weight=220.432 179.101 100.572 48.4951 78.5291 47.393 33.0649 24.5231 18.4612 31.1361 22.3188 52.0772 14.8792 12.9504 14.3281 11.8482 36.6469 31.1361 21.4922 14.6037 41.3311 42.9843 26.1764 11.0216 15.1547 16.808 34.4426 18.1857
internal_count=800 650 365 176 285 172 120 89 67 113 81 189 54 47 52 43 133 113 78 53 150 156 95 40 55 61 125 66
is_linear=0
shrinkage=1


Tree=2
num_leaves=31
num_cat=0
split_feature=2 1 15 9 7 1 7 7 10 2 14 9 14 10 0 1 11 7 0 11 11 10 11 16 6 10 2 11 10 2
split_gain=37.8894 20.9155 7.3035 6.53169 6.49937 3.63208 3.42662 3.88384 3.45521 4.46704 3.72731 2.18148 4.853 4.33995 3.82925 2.74299 2.15429 1.72819 2.41698 1.94012 4.23301 2.98221 1.62018 1.56996 1.28353 1.17619 0.715996 0.683645 0.340422 0.0990686
threshold=0.29328314627639684 0.22671255486035316 -0.0048367948262501561 0.018882848887543883 0.017600637007510047 0.18564292975897653 0.015004637635920077 0.016059782726570788 0.0094658302823592919 0.31019605746230033 0.00010955316889540991 0.013884964674244204 -0.00012760830863017822 0.012119527454304222 0.32361869571080243 0.27465976384843988 0.017701622506865657 0.014272929393123161 0.48437044224595832 0.010752613663711831 0.011837252418655322 0.011188804700936335 0.0090725832405639424 0.012670241465752078 49.500000000000007 0.007990709160715528 0.3751895994012297 0.010114492353568835 0.0098749643717372052 0.18306458058615702
decision_type=2 2 2 2 2 2 2 2 2 2 2 2 2 2 2 2 2 2 2 2 2 2 2 2 2 2 2 2 2 2
left_child=2 -2 23 6 -5 -4 8 -8 10 -10 25 13 -13 15 -14 -11 17 19 -19 22 -21 24 -7 -1 28 -3 -27 -24 -22 -20
right_child=1 3 5 4 -6 16 7 -9 9 11 -12 12 14 -15 -16 -17 -18 18 29 20 21 -23 27 -25 -26 26 -28 -29 -30 -31
leaf_value=-1.1441063315426918 -1.033211360922262 -1.2650300647235777 -1.3032165067806996 -1.0645512439236879 -1.1925311674846941 -1.2297810412862344 -1.2796446289676613 -1.1759283665902933 -1.0910696064633558 -1.1389737452446915 -1.1595040904366924 -1.0910696064633558 -1.1281953140188909 -1.2713944717330981 -1.2289650916696293 -1.2175417970371569 -1.1918393841140942 -1.2357152203160902 -1.2873054892568987 -1.1739394893998183 -1.2713944717330978 -1.2037726472569448 -1.3032165067806996 -1.2122964066446951 -1.2369206004315296 -1.2395724366854965 -1.1918393841140942 -1.2617095045446975 -1.3032165067806996 -1.3032165067806996
leaf_weight=6.9134486913681013 10.370173037052153 7.8561916947364869 13.826897382736204 8.7989346981048602 7.2276963591575614 8.1704393625259417 8.4846870303153974 6.2849533557891837 6.5992010235786429 9.7416777014732414 9.7416777014732343 7.5419440269470241 6.2849533557891837 6.2849533557891837 9.4274300336837751 8.1704393625259382 6.2849533557891837 10.370173037052156 6.2849533557891872 10.055925369262694 6.2849533557891899 10.055925369262694 8.7989346981048602 6.5992010235786438 7.5419440269470206 6.2849533557891828 6.2849533557891846 7.2276963591575614 7.2276963591575623 10.370173037052153
leaf_count=22 33 25 44 28 23 26 27 20 21 31 31 24 20 20 30 26 20 33 20 32 20 32 28 21 24 20 20 23 23 33
internal_value=-1.20815 -1.16923 -1.24687 -1.18149 -1.12227 -1.25522 -1.19108 -1.23551 -1.18329 -1.16816 -1.2104 -1.17888 -1.15701 -1.1999 -1.18866 -1.17481 -1.24849 -1.25234 -1.27361 -1.24355 -1.23034 -1.24857 -1.26602 -1.17741 -1.26997 -1.23468 -1.21571 -1.2845 -1.28842 -1.29721
internal_weight=251.398 125.385 126.013 115.015 16.0266 112.501 98.988 14.7696 84.2184 54.0506 30.1678 47.4514 23.2543 24.1971 15.7124 17.9121 98.6738 92.3888 27.0253 65.3635 41.1664 31.1105 24.1971 13.5126 21.0546 20.4261 12.5699 16.0266 13.5126 16.6551
internal_count=800 399 401 366 51 358 315 47 268 172 96 151 74 77 50 57 314 294 86 208 131 99 77 43 67 65 40 51 43 53
is_linear=0
shrinkage=1


Tree=3
num_leaves=29
num_cat=0
split_feature=0 0 14 1 13 2 10 8 2 0 9 7 7 7 0 15 11 16 10 8 6 1 0 16 9 0 6 8
split_gain=47.6203 9.15724 7.53955 5.22629 3.25202 3.41958 5.95411 6.12674 5.25885 4.54328 5.03114 3.81755 5.20379 3.2365 3.21107 3.02247 3.99309 5.14027 2.93788 2.69255 2.68163 2.67976 2.61968 2.84271 2.35475 2.10033 1.56684 0.813808
threshold=0.48437044224595832 0.58700014055591609 -0.00078805768077730421 0.22671255486035316 -0.0066712843105058142 0.33741072745780243 0.010779967275949721 1.084662751258741 0.35983419965967051 0.31943466750028954 0.012643069002608571 0.012164794862663869 0.010493641272015136 0.014700701178993658 0.29006795848288208 -0.003678340088156692 0.013987929864317159 0.0023461881310969878 0.011643326959969258 1.0734647486320668 31.500000000000004 0.24866056764712061 0.73819455992658956 0.0051406379904850594 0.017097547346459917 0.36314471088210282 34.500000000000007 1.0816610934716313
decision_type=2 2 2 2 2 2 2 2 2 2 2 2 2 2 2 2 2 2 2 2 2 2 2 2 2 2 2 2
left_child=2 15 13 -4 -5 6 11 18 25 14 -11 12 -6 27 20 -2 17 21 -8 -20 -10 -17 23 26 -13 -7 -3 -1
right_child=1 22 3 4 5 8 7 -9 9 10 -12 24 -14 -15 -16 16 -18 -19 19 -21 -22 -23 -24 -25 -26 -27 -28 -29
leaf_value=-0.075719811080873584 -0.024554352326498899 0.084295955161647174 -0.10039699151887789 -0.070666647563145821 0.064869344315460639 -0.043688277626144294 -0.054998904982619917 -0.094702994025699164 0.035695120055464824 -0.018483833759010668 0.090871207642041568 0.10601740652422631 -0.039494777891378008 -0.03180182242952035 -0.070574548966176293 0.03187399884548172 0.08125812548749356 0.082357128397288051 -0.0099319467715882556 0.066349176975856058 -0.039744508303543313 -0.036810097703284077 0.12951295669517415 0.12156710510856068 0.032208036027034953 -0.11818692364190778 0.035521911439116323 -0.11370473183833288
leaf_weight=12.123859137296678 9.2789027094840986 11.997127652168276 7.6337614655494681 9.9988384246826154 7.8432912528514889 7.7779132425785047 7.4286893010139492 9.5034092068672162 8.1821673214435595 9.6616496145725268 7.4522123038768759 7.8193281888961819 12.223620265722273 13.681327283382414 14.067631810903547 10.092359930276873 14.614411294460295 8.986865431070326 12.288020372390749 7.4223928451538077 11.109950661659239 12.994281738996504 11.239486813545225 9.371098726987837 9.6649333238601667 7.3704417049884796 14.603778362274168 10.546886414289473
leaf_count=33 25 32 21 27 21 21 20 26 22 26 20 21 33 37 38 27 39 24 33 20 30 35 30 25 26 20 39 29
internal_value=5.50787e-05 0.0549354 -0.0291629 -0.0196855 -0.0155728 -0.0116328 0.00307503 -0.0256026 -0.0282619 -0.0127533 0.0291347 0.0310588 0.00129666 -0.0702116 -0.0342422 0.0275734 0.0379335 0.0181924 -0.0014055 0.0187934 -0.00774908 -0.00678474 0.0873715 0.0742044 0.0652171 -0.0799356 0.0575192 -0.0933912
internal_weight=296.979 103.178 193.8 157.448 149.814 139.816 74.1937 36.6425 65.622 50.4736 17.1139 37.5512 20.0669 36.3521 33.3597 55.9668 46.6879 32.0735 27.1391 19.7104 19.2921 23.0866 47.2115 35.972 17.4843 15.1484 26.6009 22.6707
internal_count=800 276 524 425 404 377 200 99 177 136 46 101 54 99 90 150 125 86 73 53 52 62 126 96 47 41 71 62
is_linear=0
shrinkage=0.1


Tree=4
num_leaves=29
num_cat=0
split_feature=12 1 16 7 8 10 0 14 11 7 9 7 6 6 2 14 2 6 13 7 7 6 9 12 0 9 16 0
split_gain=16.1329 4.96755 4.4165 7.25899 3.78649 4.81612 3.7366 3.55375 3.42278 5.52626 4.78623 4.40216 3.2373 2.70339 2.27374 2.4577 3.44654 2.2963 1.77268 1.69493 1.23031 1.73582 5.11203 1.31805 0.983848 0.93126 1.87967 0.000101742
threshold=0.41124179630106455 0.27883940131933277 0.001100995966384647 0.011571026312927698 1.0904316264663794 0.013234670885842821 0.37008073930857971 8.0637402359112778e-05 0.015959027253855014 0.011101109586317428 0.015998165681837064 0.014162674257235231 12.500000000000002 33.500000000000007 0.40876669633431745 -0.00095068468704791176 0.26564360066176829 143.50000000000003 -0.00076050642616914954 0.015703345573629492 0.012609780353580216 32.500000000000007 0.015683682886991405 0.18165662797425755 0.41759736104375084 0.014859632635500041 0.0026424132133729293 0.59009775389322738
decision_type=2 2 2 2 2 2 2 2 2 2 2 2 2 2 2 2 2 2 2 2 2 2 2 2 2 2 2 2
left_child=1 2 12 18 5 8 7 13 9 -3 -11 -12 -1 -6 15 16 -5 -17 -4 25 23 22 -22 -14 -23 27 -27 -2
right_child=19 4 3 14 6 -7 -8 -9 -10 10 11 -13 20 -15 -16 17 -18 -19 -20 -21 21 24 -24 -25 -26 26 -28 -29
leaf_value=0.030861915110787369 -0.085915090897901114 0.0040379323203253428 0.048741937525616529 -0.027158349912459075 0.0078186067459092498 -0.019325167736415488 -0.05219632842044461 -0.032388181057824983 0.0092421541977126542 0.15424388721704776 0.0031413670263558376 0.11699617787510792 -0.025331720043285513 0.09156462537763331 0.045952268647432772 -0.088059004873613456 0.066694724102185104 -0.0028072077485849205 0.12403022862676133 -0.012292765776108931 -0.057014888954142952 -0.011671717145307004 0.068081701783213572 -0.086569986683895234 -0.065500678340923352 -0.019546725810616394 -0.085392347304178232 -0.085376448616895279
leaf_weight=9.2093702554702741 5.4758392572402945 7.5438821017742184 6.5199232995510101 9.9829412996768969 7.2602261304855409 8.6503071486949903 8.6026445925235731 7.2929400801658621 9.2005204260349256 10.153688281774523 6.3997297883033735 7.2353416979312897 6.4699991643428785 8.2174372971057874 7.4543592333793631 6.8832375109195727 6.4349583685398093 5.840355783700943 6.0101523697376233 6.6992002427577964 6.6838274002075213 5.3287501633167258 6.3894091546535492 7.6945830881595612 9.3587837517261487 8.8827497065067309 8.4686962962150556 9.7514649629592878
leaf_count=33 21 27 23 37 26 31 32 27 33 34 22 25 24 28 27 25 23 21 20 25 25 20 23 29 35 33 33 38
internal_value=-1.30347e-05 0.0126054 -0.00225178 0.0191612 0.0310966 0.0484122 0.00395113 0.0251634 0.0628683 0.0786151 0.102265 0.0635575 -0.0228235 0.0522812 -0.00333163 -0.0159384 0.00962715 -0.0489269 0.0848546 -0.0581024 -0.0346162 -0.0223797 0.00412478 -0.058598 -0.0459711 -0.0675223 -0.0516839 -0.0855701
internal_weight=220.095 180.817 100.261 49.1259 80.5567 49.1835 31.3732 22.7706 40.5332 31.3326 23.7888 13.6351 51.1347 15.4777 36.5959 29.1415 16.4179 12.7236 12.5301 39.278 41.9254 27.7608 13.0732 14.1646 14.6875 32.5788 17.3514 15.2273
internal_count=800 650 365 176 285 172 113 81 141 108 81 47 189 54 133 106 60 46 43 150 156 103 48 53 55 125 66 59
is_linear=0
shrinkage=0.1


Tree=5
num_leaves=31
num_cat=0
split_feature=2 1 15 9 7 1 9 11 9 10 11 11 10 11 12 9 11 9 7 0 11 2 11 9 11 7 10 11 7 7
split_gain=30.4409 14.9194 6.22119 5.19886 4.86084 3.27519 3.2635 3.00055 3.3695 2.88254 4.55581 10.1338 4.07866 2.68496 2.11255 2.08208 1.91645 1.606 1.59298 2.13474 1.73231 3.95442 5.22713 5.11432 1.53787 0.934702 0.738651 0.656219 0.14084 0.104759
threshold=0.29328314627639684 0.22671255486035316 -0.0048367948262501561 0.018882848887543883 0.017600637007510047 0.18564292975897653 0.016623668958708392 0.018416094782321885 0.015268602479127391 0.01277304569035956 0.010629145036716801 0.013404791589978223 0.010779967275949721 0.01527819109433255 0.098588906203335228 0.011723454494106016 0.017701622506865657 0.019444922703941783 0.014272929393123161 0.48437044224595832 0.010752613663711831 0.25542481751723495 0.012889127996298851 0.01631681070156522 0.0090725832405639424 0.01273778070284628 0.0091112908753060318 0.010114492353568835 0.010930330720888443 0.015703345573629492
decision_type=2 2 2 2 2 2 2 2 2 2 2 2 2 2 2 2 2 2 2 2 2 2 2 2 2 2 2 2 2 2
left_child=2 -2 17 6 -5 -4 7 8 9 10 15 28 13 26 -8 -3 18 -1 20 -20 24 22 23 -22 -7 -24 -13 -26 -12 -21
right_child=1 3 5 4 -6 16 14 -9 -10 -11 11 12 -14 -15 -16 -17 -18 -19 19 29 21 -23 25 -25 27 -27 -28 -29 -30 -31
leaf_value=-0.0070750516052334221 0.14356341667560368 0.041450946026458324 -0.090930545319151138 0.12259947868503163 0.013826992389027518 -0.018677680682325334 -0.0669316012211571 -0.027526990348239019 0.082552234739010161 -0.03828434834959505 -0.047736878006986665 0.077564103374175145 0.11261105311557529 -0.020678307986624934 0.0033827482968248066 0.12150054841413438 0.016078004784161409 0.061412145250328544 -0.026479577376515209 -0.091451481485377017 0.085488996554717589 -0.068807261429440311 -0.075716240143073488 -0.031099419068129498 -0.091722768048403402 -0.022003301201851001 0.029357062792862154 -0.050193310489631507 -0.068315908113210533 -0.074600408775367194
leaf_weight=6.7121046483516675 11.336879849433897 6.5871670544147474 12.906583309173582 9.4006277024745959 7.2978049814701071 7.9994796216487911 6.9534294605255154 10.19022276997566 10.586425751447676 7.1361604034900656 6.2976392507553083 6.3438633382320457 7.1328099668025962 7.9498426318168631 11.083840578794478 6.4120619893074036 6.290731579065322 6.9892506897449493 10.285796582698824 9.7726621925830823 9.4148329794406909 11.779082328081129 6.016927242279051 6.267034798860549 8.3343825042247754 7.0192500650882721 6.3700773119926453 7.0009148716926566 7.0470499396324158 5.9265430867671958
leaf_count=21 33 21 44 28 23 26 22 32 33 23 20 20 22 25 35 20 20 22 33 33 30 38 20 20 28 23 20 23 22 20
internal_value=-5.37723e-05 0.0340388 -0.0356495 0.0234071 0.0750621 -0.0436318 0.0147894 0.0232555 0.0304564 0.0214562 0.0293304 0.0130247 0.0474125 0.024907 -0.0237237 0.0809366 -0.0372799 0.0278612 -0.041017 -0.06189 -0.03252 -0.020015 -2.16933e-06 0.0388961 -0.0542222 -0.0467948 0.0534109 -0.0727636 -0.0586042 -0.0850901
internal_weight=250.841 128.126 122.716 116.789 16.6984 109.014 100.091 82.0533 71.8631 61.2767 54.1405 41.1413 27.7966 20.6638 18.0373 12.9992 96.1076 13.7014 89.8169 25.985 63.8319 40.4971 28.718 15.6819 23.3348 13.0362 12.7139 15.3353 13.3447 15.6992
internal_count=800 399 401 366 51 358 315 258 226 193 170 129 87 65 57 41 314 43 294 86 208 131 93 50 77 43 40 51 42 53
is_linear=0
shrinkage=0.1


Tree=6
num_leaves=29
num_cat=0
split_feature=0 12 16 2 7 10 1 8 11 13 2 0 9 15 16 6 9 11 7 11 11 12 2 15 10 0 6 2
split_gain=38.1489 7.39754 6.35462 4.7913 4.35599 4.35359 5.16732 5.14635 4.04111 3.96889 3.72508 3.49433 3.13708 2.8794 2.11452 2.50615 1.93045 1.85613 2.92077 1.7658 3.95576 3.3474 5.13849 1.29377 0.874032 0.835575 0.348979 0.10916
threshold=0.48437044224595832 0.52426070794011992 0.0057670147507513465 0.33856751055109208 0.013269186675680245 0.010779967275949721 0.29079210356129853 1.084662751258741 0.012215625992474435 -0.0049803915176510607 0.35983419965967051 0.31611376829036869 0.012643069002608571 -0.0014497064846501482 0.009940040485837057 143.50000000000003 0.015998165681837064 0.013741964742120243 0.013113735107814625 0.010664851315781839 0.01181351999092865 0.2801091956720887 0.19899135585119579 0.0047046524403319698 0.010891734987733177 0.73819455992658956 49.500000000000007 0.3751895994012297
decision_type=2 2 2 2 2 2 2 2 2 2 2 2 2 2 2 2 2 2 2 2 2 2 2 2 2 2 2 2
left_child=2 9 3 5 27 6 8 16 -1 -2 -5 17 -13 -6 15 19 -7 24 -19 -11 -21 -22 -23 -15 -12 -3 -20 -4
right_child=1 25 4 10 13 7 -8 -9 -10 14 11 12 -14 23 -16 -17 -18 18 26 20 21 22 -24 -25 -26 -27 -28 -29
leaf_value=-0.048533564578150938 0.10197779627485506 0.080548995798739031 -0.11325051427137833 -0.082901607057726479 -0.0049910556495946995 -0.026215256125030673 0.072401499896977639 -0.082303967961418201 0.036221717272546056 0.077829136349368819 -0.037553185649141875 -0.022169899519885409 0.05749536052981833 -0.092732243458119881 -0.022284838248541317 -0.0075161998060099952 0.027550375076199486 -0.11108986075482274 -0.049858364011524839 -0.032804750148375909 0.10000250071543255 0.078208710598749939 -0.016240370280851079 -0.036426559598014503 0.0082047822646734662 0.11790844722209706 -0.018932245636310741 -0.095814946825171207
leaf_weight=10.721704691648485 7.8182858824729911 13.059607893228533 7.2348685860633832 13.02931687235832 14.255707621574404 13.357538342475893 14.530830204486845 10.381609261035917 11.83561936020851 11.204989373683928 9.0544707477092761 12.492349326610567 8.1793913245201093 8.7395773530006426 7.7807781994342795 12.305705636739729 13.354572027921675 7.5380613505840328 7.3166521191596967 7.4469197690486899 8.9560151398181898 10.835393935441973 12.298006147146223 7.6555290818214408 7.7451662421226493 11.053859978914259 7.278577983379364 7.1291027665138245
leaf_count=29 21 35 20 36 39 36 39 29 32 30 25 34 22 24 21 33 36 21 20 20 24 29 33 21 21 30 20 20
internal_value=5.19551e-05 0.0492197 -0.0262861 -0.0162081 -0.0591558 0.00166756 0.025895 -0.0225563 -0.00406325 0.0343629 -0.0344646 -0.0238765 0.00935204 -0.0378605 0.0268993 0.0329692 0.000664574 -0.0415195 -0.0605422 0.0427877 0.0328566 0.0480944 0.0279984 -0.0664409 -0.0164573 0.0976749 -0.0344356 -0.104597
internal_weight=294.59 102.76 191.831 146.816 45.0148 74.1819 37.0882 37.0937 22.5573 78.6461 72.634 59.6047 20.6717 30.6508 70.8278 63.047 26.7121 38.9329 22.1333 50.7413 39.5363 32.0894 23.1334 16.3951 16.7996 24.1135 14.5952 14.364
internal_count=800 276 524 400 124 201 100 101 61 211 199 163 56 84 190 169 72 107 61 136 106 86 62 45 46 65 40 40
is_linear=0
shrinkage=0.1


Tree=7
num_leaves=31
num_cat=0
split_feature=12 1 6 15 6 8 14 9 0 14 2 9 11 8 7 9 7 7 1 8 0 6 6 7 11 9 16 10 11 10
split_gain=13.5406 3.91174 3.81802 3.3503 4.49452 3.16459 4.34855 6.49956 3.1014 3.04348 2.85861 6.46367 3.55448 3.52041 2.68724 2.88817 2.15208 2.68392 3.11931 3.69926 1.81562 1.7451 1.6654 1.65859 1.23455 0.923154 1.79225 0.663194 0.432332 0.412104
threshold=0.41124179630106455 0.27883940131933277 199.50000000000003 0.0026355876479131628 11.500000000000002 1.0904316264663794 -4.2793607024707574e-05 0.016286036420925912 0.37008073930857971 0.00033890214227293164 0.27946458714155392 0.01705308386968336 0.015171257654128601 1.0687897112119729 0.011447397741278401 0.011948499955526918 0.012400261175685353 0.013078028592343782 0.25567372308785613 1.0509875436286604 0.52066391969131542 33.500000000000007 26.500000000000004 0.015703345573629492 0.019154938192525704 0.014859632635500041 0.0026424132133729293 0.011578598113747144 0.010855651112258049 0.012227369935899709
decision_type=2 2 2 2 2 2 2 2 2 2 2 2 2 2 2 2 2 2 2 2 2 2 2 2 2 2 2 2 2 2
left_child=1 2 3 4 -1 6 7 -3 9 21 12 22 13 -8 15 28 -16 -18 19 20 -19 -7 -12 25 27 -2 -27 -20 -6 -29
right_child=23 5 -4 -5 14 8 10 -9 -10 -11 11 -13 -14 -15 16 -17 17 18 24 -21 -22 -23 -24 -25 -26 26 -28 29 -30 -31
leaf_value=0.055525318757821546 -0.08337646941598291 0.067234489744695008 0.074990484186862549 0.067144006107775045 0.0050061998856788716 0.0062836805879966711 0.10947079356094946 -0.074587569282800165 -0.049820850239413211 -0.03872128254949686 0.0087780432164958396 0.17319362445422548 -0.034583084652084754 0.0057543819331345256 -0.075204703357612174 0.07046026203455151 0.026072914780239029 -0.069867137160960921 -0.087050168950231724 0.064676170196992941 0.0058188069930494562 0.070856602617955136 0.081000869498857042 -0.009050096212683505 -0.012596114509219811 -0.017311045490735068 -0.08320138839036012 -0.030183356668804576 -0.034746317671975849 -0.069110519624180536
leaf_weight=8.9072888791561109 14.1671129912138 6.173963934183119 6.0460033714771262 5.7225689291954032 5.398802265524866 7.337786793708811 6.9787855148315447 6.7801737189292908 8.31262159347534 6.1922286152839652 5.9404458105564135 6.017081916332244 5.5542269498109809 6.1624740064144135 8.6972418278455716 6.160282000899314 9.6822096407413465 6.2346243262290972 8.83215175569058 5.8609144538640967 6.4470546245574951 9.7413599491119367 6.9028370380401611 6.5039175748825064 5.367569386959075 8.6928038895130175 7.8615569174289694 5.2966114133596403 5.5464793145656586 5.5895746797323227
leaf_count=31 59 20 21 20 20 26 24 24 32 23 20 20 20 21 33 21 36 24 33 21 24 32 23 25 20 33 33 20 20 21
internal_value=2.39139e-05 0.0112703 -0.00203125 -0.00699878 -0.0118191 0.027439 0.0429646 -0.00699494 0.00261003 0.0213385 0.0601971 0.0876654 0.0324866 0.0608339 -0.0194013 0.0156886 -0.0290812 -0.0215566 -0.0321267 -0.00102573 -0.0313903 0.0431139 0.0475954 -0.0549259 -0.0551154 -0.0646381 -0.0486019 -0.0666896 -0.0151382 -0.0501707
internal_weight=219.109 181.883 99.7894 93.7434 88.0208 82.094 50.51 12.9541 31.584 23.2714 37.5559 18.8604 18.6955 13.1413 79.1135 17.1056 62.008 53.3107 43.6285 18.5426 12.6817 17.0791 12.8433 37.2254 25.0859 30.7215 16.5544 19.7183 10.9453 10.8862
internal_count=800 650 365 344 324 285 172 44 113 81 128 63 65 45 293 61 232 199 163 69 48 58 43 150 94 125 66 74 40 41
is_linear=0
shrinkage=0.1


Tree=8
num_leaves=31
num_cat=0
split_feature=2 1 15 9 7 1 9 12 2 11 7 12 1 2 2 10 2 11 7 0 9 9 9 11 11 7 9 10 16 10
split_gain=24.6536 11.2062 5.35185 4.13026 4.15064 2.98087 2.58765 3.04668 2.7342 2.79891 3.30802 2.88369 4.20029 2.42761 2.33646 3.20432 1.68501 1.66098 1.45625 1.95244 1.63512 2.50847 3.53245 1.94972 2.80824 1.67977 1.31895 0.740493 0.657557 0.109318
threshold=0.29328314627639684 0.22671255486035316 -0.0048367948262501561 0.019039621756726358 0.017600637007510047 0.18564292975897653 0.016623668958708392 0.095555282595451194 0.3559770991915831 0.018416094782321885 0.011629793497076499 0.10604282148726647 0.26849673123689238 0.39248726475187617 0.33856751055109208 0.009742237442068695 0.31411027734587565 0.017701622506865657 0.014272929393123161 0.48437044224595832 0.017886396228290982 0.0169420324847867 0.015857137941431811 0.011008615331883985 0.012889127996298851 0.012217784709651274 0.019444922703941783 0.0089834136504160257 0.00032701243999496229 0.013114300175464291
decision_type=2 2 2 2 2 2 2 2 2 2 2 2 2 2 2 2 2 2 2 2 2 2 2 2 2 2 2 2 2 2
left_child=2 -2 26 6 -5 -4 8 -8 14 10 13 -12 -13 -10 15 -3 -17 18 20 -20 21 22 23 27 -25 -26 -1 -7 -15 -21
right_child=1 3 5 4 -6 17 7 -9 9 -11 11 12 -14 28 -16 16 -18 -19 19 29 -22 -23 -24 24 25 -27 -28 -29 -30 -31
leaf_value=-0.0064009487988148407 0.12241215490358459 -0.014533540960430908 -0.087551491286578464 0.11215789405773247 0.011368322449880515 -0.047581011815933799 -0.078000288053669375 0.0079641948452007973 0.034066654404084316 -0.046885729053372446 -0.016848265479634542 0.022034383941311769 0.12042269415033005 -0.063073719753830207 0.091278068047020669 0.096175262145221832 0.02450978279584741 0.014934187900706551 -0.024817647916576011 -0.088498382237808398 0.018261078115491484 -0.092062978733397638 0.033886122085426448 0.017617397645128628 -0.09033294364635458 -0.021605023522696006 0.055375129072704088 -0.090810945109096639 -0.017372729904281081 -0.070754577674030886
leaf_weight=6.6767839491367322 11.930672138929365 9.9684274494648033 11.966825276613234 9.1348858177661914 7.392309606075286 9.1276101171970385 6.1675174832344082 12.435411185026167 6.8085343241691616 8.2043043076992017 6.3155379593372372 10.771467328071596 7.2659293115138999 6.2490180730819684 7.8774959146976462 6.6226452291011793 6.5017257034778595 6.3253920972347251 10.154843509197237 9.1767894327640516 6.3175261020660392 6.8578027784824362 7.8725584745407096 10.516051143407823 6.0766801536083213 8.5736281573772413 7.1648354828357697 7.001904845237731 6.3450834155082703 5.5854557752609244
leaf_count=21 33 32 44 26 23 31 20 39 21 26 20 33 22 20 24 20 20 20 33 33 21 23 26 33 21 29 22 24 20 20
internal_value=-8.23829e-05 0.0300505 -0.0328895 0.0207168 0.0670766 -0.0405564 0.0131705 -0.020536 0.0207316 0.00671323 0.0167632 0.0413059 0.0616677 -0.0140412 0.0442507 0.0282085 0.0606727 -0.0345472 -0.038134 -0.0585681 -0.029967 -0.0354052 -0.0275029 -0.0392059 -0.0218106 -0.0501121 0.0255762 -0.0663473 -0.0400489 -0.0817848
internal_weight=249.386 129.991 119.395 118.06 16.5272 105.553 101.533 18.6029 82.9302 51.9599 43.7556 24.3529 18.0374 19.4026 30.9703 23.0928 13.1244 93.5862 87.2609 24.9171 62.3438 56.0262 49.1684 41.2959 25.1664 14.6503 13.8416 16.1295 12.5941 14.7622
internal_count=800 399 401 366 49 358 317 59 258 162 136 75 55 61 96 72 40 314 294 86 208 187 164 138 83 50 43 55 40 53
is_linear=0
shrinkage=0.1


Tree=9
num_leaves=30
num_cat=0
split_feature=0 12 14 0 13 1 10 6 0 7 7 15 9 1 2 9 7 10 6 10 0 11 2 10 15 2 10 7 6
split_gain=30.7538 6.15201 5.71311 3.95414 3.53377 3.10459 3.00441 5.40837 5.39924 2.75266 2.22562 2.73062 3.04492 2.2902 2.58248 3.22999 2.43405 2.18961 1.70187 1.83466 3.45251 2.72057 1.61308 1.57605 1.54523 1.25795 0.808208 0.794641 0.501731
threshold=0.48437044224595832 0.52426070794011992 -0.00078805768077730421 0.21802711207458875 -0.0049803915176510607 0.27105764256311787 0.0096983514053229775 53.500000000000007 0.40347212165374419 0.014700701178993658 0.0097318072669688796 0.001338621087193709 0.011791146000145894 0.31088204724222473 0.25683030570697346 0.01705308386968336 0.012157415488152525 0.0098496871291950047 182.00000000000003 0.010032231219490406 0.577679091486763 0.013042019010262629 0.35191217078409648 0.012084133248813677 -0.0031668893237453278 0.18787478872187538 0.0098119267293588445 0.012026026386614716 34.500000000000007
decision_type=2 2 2 2 2 2 2 2 2 2 2 2 2 2 2 2 2 2 2 2 2 2 2 2 2 2 2 2 2
left_child=2 4 9 -4 -2 6 -5 8 -8 27 -7 12 17 14 -14 16 -16 -12 19 20 -6 25 -18 -17 -23 -21 -3 -1 -26
right_child=1 26 3 5 18 10 7 -9 -10 -11 11 -13 13 -15 15 23 22 -19 -20 21 -22 24 -24 -25 28 -27 -28 -29 -30
leaf_value=-0.058340436443949165 0.095045421659930948 0.0679489573939078 -0.072901057851200171 0.052425857509009993 0.019478563144749599 0.031673100568308854 -0.023718813677761109 -0.078559289204159374 0.072008001837978439 -0.024762281386808291 -0.019471097432277113 -0.073415312976440522 0.038095580752405593 0.036894625432347415 -0.04149181390868785 -0.035431311082985209 0.054533076863319908 -0.091795013607317136 -0.019116657551343397 -0.044256368847271604 0.10080289324727519 -0.0011840721438273888 -0.006430491738364328 -0.094882964545405651 0.067364950760634729 0.0125474834286891 0.1053102710999623 -0.097765156261183039 0.033367737600153956
leaf_weight=8.3557856976985949 7.7282464802265158 10.218659549951555 11.150231093168257 12.528715163469313 12.644108176231386 7.4531494975090018 13.537208616733556 7.6638537645339957 10.43294584751129 13.423384308815001 8.0729056298732775 10.394114732742308 7.4151691496372214 9.254707068204878 10.846597343683245 12.319148838520052 7.3443057537078884 8.6943024098873121 8.1641517579555494 7.7978635728359205 8.8910663127899152 7.3913637697696677 10.61112993955612 6.9886753857135764 10.407859891653066 7.7964899837970734 13.359813541173933 13.171557903289793 7.4469423592090598
leaf_count=24 21 28 32 34 34 20 37 21 28 37 22 29 20 25 30 34 20 24 22 21 24 20 29 20 28 21 37 38 20
internal_value=1.57576e-05 0.0443398 -0.0237863 -0.0155369 0.0308501 -0.0110813 0.0109805 -0.00543396 0.017946 -0.0603018 -0.0208838 -0.0251443 -0.0189916 -0.0091607 -0.016837 -0.0253038 -0.00408902 -0.0569732 0.023817 0.0294364 0.0530543 0.0169827 0.0185054 -0.0569505 0.0372675 -0.0158569 0.0891183 -0.0824625 0.0531853
internal_weight=291.504 101.847 189.658 154.707 78.2681 143.557 44.1627 31.634 23.9702 34.9507 99.3942 91.9411 81.5469 64.7797 55.525 48.1099 28.802 16.7672 70.5398 62.3757 21.5352 40.8405 17.9554 19.3078 25.2462 15.5944 23.5785 21.5273 17.8548
internal_count=800 276 524 425 211 393 120 86 65 99 273 253 224 178 153 133 79 46 190 168 58 110 49 54 68 42 65 62 48
is_linear=0
shrinkage=0.1


Tree=10
num_leaves=29
num_cat=0
split_feature=12 1 16 7 8 10 6 0 14 7 7 10 10 13 0 0 6 7 7 6 9 12 0 10 6 16 9 16
split_gain=11.3615 3.18059 3.27857 4.98356 2.76642 3.68968 2.64078 2.61412 2.62665 2.56386 4.71835 2.42809 5.97274 1.79009 5.54359 1.96113 1.71472 1.62359 1.23519 1.59369 4.35909 1.25237 1.21442 0.970172 0.960423 2.86656 0.00211847 0.000324586
threshold=0.41124179630106455 0.27883940131933277 0.001100995966384647 0.011571026312927698 1.0904316264663794 0.013234670885842821 12.500000000000002 0.37008073930857971 8.0637402359112778e-05 0.011101109586317428 0.012063599529734586 0.010556854479849409 0.011699743673499277 -0.00026931026713297718 0.40822870897824864 0.42068204451490737 33.500000000000007 0.015703345573629492 0.012609780353580216 32.500000000000007 0.015683682886991405 0.18165662797425755 0.39998206046411294 0.010635811887643421 34.500000000000007 0.0026424132133729293 0.013633662325962024 0.0051406379904850594
decision_type=2 2 2 2 2 2 2 2 2 2 2 2 2 2 2 2 2 2 2 2 2 2 2 2 2 2 2 2
left_child=1 2 6 22 5 9 -1 8 16 -3 -11 -12 -13 14 -5 -15 -6 24 21 20 -20 -8 -4 -21 26 -26 -2 -27
right_child=17 4 3 13 7 -7 18 -9 -10 10 11 12 -14 15 -16 -17 -18 -19 19 23 -22 -23 -24 -25 25 27 -28 -29
leaf_value=0.027669199629787557 -0.081288354242976993 -0.00083508587329016312 0.038048922901822241 0.070062172248168686 0.0046530313953207182 -0.020456467726922622 -0.023463752832243612 -0.047824382196784365 -0.03201183255269776 0.12544066850428304 -0.0048358875626503782 0.12424984398036761 0.0088117519782441398 -0.071572694283276769 -0.035942975403992404 -0.00060264243683595513 0.069588691080604906 -0.0059507932470308092 -0.052867521378609755 -0.007580293835331456 0.064034665594802309 -0.084419525702693662 0.098205930790548346 -0.062288503127897382 0.0040152063702451014 -0.082065865285148837 -0.083935646697727934 -0.080886855462353954
leaf_weight=9.3811852633953077 7.9549338668584841 7.8054088056087485 6.6764841079711896 9.921199634671213 7.4182562232017615 8.700761064887045 6.3426095992326719 8.060682460665701 7.25210878252983 8.8948284089565259 7.9849343597888973 8.2295156419277209 9.8426105082035047 6.2266858816146877 9.8125963956117612 10.391767278313635 9.0003981888294202 6.3240013420581809 6.2540730983018893 5.1292078346014014 6.5098881721496582 7.1930622756481171 6.747095137834549 8.8075540512800199 6.7543517947196987 4.7865974009037 4.8755820244550705 4.5591196715831757
leaf_count=33 36 27 21 34 26 31 24 32 27 27 27 27 33 23 37 39 28 25 25 20 23 29 22 35 27 21 20 21
internal_value=0.000121554 0.0101568 -0.00191797 0.0162151 0.0245836 0.0389035 -0.0201089 0.0013612 0.0181105 0.0509828 0.0625547 0.041088 0.0613789 -0.00301264 0.0173513 -0.0271941 0.0402495 -0.0518509 -0.0312485 -0.0187736 0.00675505 -0.0558566 0.0682856 -0.042154 -0.0618843 -0.045619 -0.0822943 -0.0814907
internal_weight=217.837 182.583 99.3934 49.7758 83.1895 51.4581 49.6176 31.7314 23.6708 42.7573 34.9519 26.0571 18.0721 36.3522 19.7338 16.6185 16.4187 35.2546 40.2364 26.7007 12.764 13.5357 13.4236 13.9368 28.9306 16.1001 12.8305 9.34572
internal_count=800 650 365 176 285 172 189 113 81 141 114 87 60 133 71 62 54 150 156 103 48 53 43 55 125 69 56 42
is_linear=0
shrinkage=0.1


Tree=11
num_leaves=31
num_cat=0
split_feature=2 1 15 9 7 1 7 11 0 13 10 11 11 11 6 11 10 9 13 14 1 0 11 11 6 13 16 12 7 0
split_gain=19.7697 8.92254 4.47878 3.4793 3.04619 2.73791 2.38561 3.63485 2.34595 1.77989 1.87095 1.98645 2.97634 2.38579 3.42474 2.81557 2.01954 1.96665 1.70435 2.23 1.56593 1.57789 1.75368 2.72273 2.77673 2.43569 1.29655 1.20535 0.529305 0.000779939
threshold=0.29328314627639684 0.22671255486035316 -0.0048367948262501561 0.018882848887543883 0.017600637007510047 0.18564292975897653 0.015004637635920077 0.018373837059135315 0.42131867662547234 -0.0027246794045043539 0.0077362929709813228 0.013356061778469751 0.010762436268181351 0.015171257654128601 54.500000000000007 0.014584720740227953 0.011318045741818165 0.013821827276644947 0.0011196434212718683 -0.00054251147761236174 0.20345015873801683 0.60399456547211283 0.013059853631138077 0.015492435205781741 32.500000000000007 -1.0000000180025095e-35 0.012670241465752078 0.30835528156069419 0.014204523254704563 0.748548098784657
decision_type=2 2 2 2 2 2 2 2 2 2 2 2 2 2 2 2 2 2 2 2 2 2 2 2 2 2 2 2 2 2
left_child=2 -2 26 6 -5 29 8 -8 9 -3 -11 12 16 15 -15 -13 -12 -14 19 -7 -21 22 25 28 -25 -22 -1 -27 -24 -4
right_child=1 3 5 4 -6 18 7 -9 -10 10 11 13 17 14 -16 -17 -18 -19 -20 20 21 -23 23 24 -26 27 -28 -29 -30 -31
leaf_value=0.052155231293996331 0.10778372246977311 0.052265508527453132 -0.085522025704682619 0.094943695597135336 0.010574802797883955 0.013468110482232162 -0.079854205292801531 0.020174343164953552 0.07035633703017298 -0.040842983513978991 0.063986782498645298 0.022370485759960049 -0.079563206474768944 0.043166686870356019 -0.047091248364711985 0.10476143092158839 -0.010480646761174408 -0.0021208190971643338 -0.076942411436976929 0.016293575947155994 -0.053385548382290482 -0.089267252906112468 -0.089411602695577408 -0.061099887502227446 0.032738385026562754 -0.018348543703140357 -0.0087058524873188624 0.033382276923685381 -0.056091727489368685 -0.083834216897653913
leaf_weight=7.2536792755126935 12.229756623506544 9.7243598997592908 5.1385275870561582 10.110271841287615 7.4204341769218436 11.387123480439184 6.7998735904693586 7.7996769547462463 7.5971029996871939 7.4276960492134085 6.6670161485672024 10.730090975761415 6.7975028753280622 9.1170586347579974 7.8010925054550162 6.7612432837486258 8.0259983837604505 6.3355874419212341 7.6593556255102149 5.6669568419456473 10.857247263193132 5.5993484258651725 10.159629881381994 6.2738972008228284 6.3398812711238861 9.3544622659683245 6.7646906673908234 8.6868655383586866 8.9830712974071485 5.860362246632576
leaf_count=22 33 29 20 28 23 39 22 25 23 24 20 33 22 28 24 20 25 20 27 20 38 20 36 21 21 31 21 29 32 24
internal_value=-0.000125631 0.0264422 -0.0302118 0.0180907 0.0592319 -0.0374979 0.0109909 -0.0264149 0.0172691 0.0121888 0.00659445 0.012256 -0.007611 0.028322 0.00154804 0.0542186 0.0233093 -0.0422039 -0.0318001 -0.0276497 -0.0341598 -0.0384752 -0.0337864 -0.0500069 -0.0139353 -0.0159618 0.0227862 0.00655975 -0.0737756 -0.0846227
internal_weight=247.33 131.345 115.985 119.115 17.5307 101.967 101.584 14.5996 86.9847 79.3876 69.6633 62.2356 27.8261 34.4095 16.9182 17.4913 14.693 13.1331 90.9678 83.3085 71.9214 66.2544 60.6551 31.7565 12.6138 28.8986 14.0184 18.0413 19.1427 10.9989
internal_count=800 399 401 366 51 358 315 47 268 245 216 192 87 105 52 53 45 42 314 287 248 228 208 110 42 98 43 60 68 44
is_linear=0
shrinkage=0.1


end of trees

feature_importances:
Column_7=45
Column_11=38
Column_0=37
Column_9=34
Column_10=31
Column_1=28
Column_2=26
Column_6=26
Column_16=18
Column_12=17
Column_8=12
Column_14=12
Column_15=12
Column_13=11

parameters:
[boosting: gbdt]
[objective: multiclass]
[metric: multi_logloss]
[tree_learner: serial]
[device_type: cpu]
[data_sample_strategy: bagging]
[data: ]
[valid: ]
[num_iterations: 100]
[learning_rate: 0.1]
[num_leaves: 31]
[num_threads: 0]
[seed: 0]
[deterministic: 0]
[force_col_wise: 0]
[force_row_wise: 0]
[histogram_pool_size: -1]
[max_depth: -1]
[min_data_in_leaf: 20]
[min_sum_hessian_in_leaf: 0.001]
[bagging_fraction: 1]
[pos_bagging_fraction: 1]
[neg_bagging_fraction: 1]
[bagging_freq: 0]
[bagging_seed: 3]
[bagging_by_query: 0]
[feature_fraction: 1]
[feature_fraction_bynode: 1]
[feature_fraction_seed: 2]
[extra_trees: 0]
[extra_seed: 6]
[early_stopping_round: 0]
[early_stopping_min_delta: 0]
[first_metric_only: 0]
[max_delta_step: 0]
[lambda_l1: 0]
[lambda_l2: 0]
[linear_lambda: 0]
[min_gain_to_split: 0]
[drop_rate: 0.1]
[max_drop: 50]
[skip_drop: 0.5]
[xgboost_dart_mode: 0]
[uniform_drop: 0]
[drop_seed: 4]
[top_rate: 0.2]
[other_rate: 0.1]
[min_data_per_group: 100]
[max_cat_threshold: 32]
[cat_l2: 10]
[cat_smooth: 10]
[max_cat_to_onehot: 4]
[top_k: 20]
[monotone_constraints: ]
[monotone_constraints_method: basic]
[monotone_penalty: 0]
[feature_contri: ]
[forcedsplits_filename: ]
[refit_decay_rate: 0.9]
[cegb_tradeoff: 1]
[cegb_penalty_split: 0]
[cegb_penalty_feature_lazy: ]
[cegb_penalty_feature_coupled: ]
[path_smooth: 0]
[interaction_constraints: ]
[verbosity: -1]
[saved_feature_importance_type: 0]
[use_quantized_grad: 0]
[num_grad_quant_bins: 4]
[quant_train_renew_leaf: 0]
[stochastic_rounding: 1]
[linear_tree: 0]
[max_bin: 255]
[max_bin_by_feature: ]
[min_data_in_bin: 3]
[bin_construct_sample_cnt: 200000]
[data_random_seed: 1]
[is_enable_sparse: 1]
[enable_bundle: 1]
[use_missing: 1]
[zero_as_missing: 0]
[feature_pre_filter: 1]
[pre_partition: 0]
[two_round: 0]
[header: 0]
[label_column: ]
[weight_column: ]
[group_column: ]
[ignore_column: ]
[categorical_feature: ]
[forcedbins_filename: ]
[precise_float_parser: 0]
[parser_config_file: ]
[objective_seed: 5]
[num_class: 3]
[is_unbalance: 0]
[scale_pos_weight: 1]
[sigmoid: 1]
[boost_from_average: 1]
[reg_sqrt: 0]
[alpha: 0.9]
[fair_c: 1]
[poisson_max_delta_step: 0.7]
[tweedie_variance_power: 1.5]
[lambdarank_truncation_level: 30]
[lambdarank_norm: 1]
[label_gain: ]
[lambdarank_position_bias_regularization: 0]
[eval_at: ]
[multi_error_top_k: 1]
[auc_mu_weights: ]
[num_machines: 1]
[local_listen_port: 12400]
[time_out: 120]
[machine_list_filename: ]
[machines: ]
[gpu_platform_id: -1]
[gpu_device_id: -1]
[gpu_use_dp: 0]
[num_gpu: 1]

end of parameters

pandas_categorical:null
