tree
version=v4
num_class=1
num_tree_per_iteration=1
label_index=0
max_feature_idx=45
objective=binary sigmoid:1
feature_names=Column_0 Column_1 Column_2 Column_3 Column_4 Column_5 Column_6 Column_7 Column_8 Column_9 Column_10 Column_11 Column_12 Column_13 Column_14 Column_15 Column_16 Column_17 Column_18 Column_19 Column_20 Column_21 Column_22 Column_23 Column_24 Column_25 Column_26 Column_27 Column_28 Column_29 Column_30 Column_31 Column_32 Column_33 Column_34 Column_35 Column_36 Column_37 Column_38 Column_39 Column_40 Column_41 Column_42 Column_43 Column_44 Column_45
feature_infos=[0:0.98929999999999996] [0:0.99450000000000005] [0.1094:0.92592592592592582] [0.084400000000000003:0.93457943925233644] [-0.82394269183083069:0.77777777777777779] [-0.79528188724510196:0.80000000000000004] [0.0034497210771603087:5.1729496998778171] [0.87860000000000005:1.097] [1:11] [8:9168] [-80:60] [-0.98360655737704916:0.98765432098765427] [0:1] [-32.5:37.5] [-27.5:30.5] [0:4.5] [0:26] [-18.5:20] [0:281.5] [-28:59] [0:3.5] [0:3] [0:246.5] [0:8.9513888888888893] [0:8.9513888888888893] [0:1] [0:1] [-7.9597222222222221:7.0618055555555568] [-1:1] [0:1] [0:1] [0:1] [0:1] [0:1] [0:1] [-20:23.600000000000001] [-17.100000000000001:24.5] [-0.80000000000000004:0.875] [0:1632.1907201568049] [0:1608.8778093036117] [-161.7954125727681:237.75957107824775] [0:0.79716261779045572] [0:1] [0:3] [0:0.81714285714285717] none
tree_sizes=1057 1166 1178 1293 1180 1373 1382 1278 1286 1265 1286 1290 1165 1192 1285 1389 1397 1188 1287 1081 1378 1396 1475 1360 1480 1271 1388 1397 1387 1594 1185 1291 1293 1376 1289 1184 1291 1384 1392 1293 1295 1594 1409 1498 1607 1508 1503 1399 1384 1489 1385 1378 1273 1495 1300 1363 1377 1339 1342 1291 1589 1709 1614 1702 1691 1296

Tree=0
num_leaves=9
num_cat=0
split_feature=11 11 20 37 5 7 37 5
split_gain=173.23 19.7407 8.58056 7.51374 4.34594 3.08853 3.0668 0.174225
threshold=-0.0585858757062147 0.22955000000000006 1.925 -1.0000000180025095e-35 0.10879999999999999 1.0477000000000003 0.072222222222222202 0.10164965034965033
decision_type=2 2 2 2 2 2 2 2
left_child=6 2 -2 -4 5 -3 7 -1
right_child=1 4 3 -5 -6 -7 -8 -9
leaf_value=-0.032646505119389546 -0.0041982968752413696 0.10205053328043012 0.13060445248307501 0.035427265591264502 0.084020270943758579 0.14354194215527366 -0.0059166798223690906 -0.052950674681579352
leaf_weight=7.7453898787498501 4.24747186899185 6.9958360195159939 3.9976205825805664 3.9976205825805664 5.7465795874595633 22.486615777015686 6.4961334466934195 19.988102912902832
leaf_count=31 17 28 16 16 23 90 26 80
internal_value=0.0454969 0.10721 0.0520408 0.082821 0.126178 0.134079 -0.0401574 -0.0477727
internal_weight=81.7014 47.4717 12.2427 7.99524 35.229 29.4825 34.2296 27.7335
internal_count=327 190 49 32 141 118 137 111
is_linear=0
shrinkage=1


Tree=1
num_leaves=10
num_cat=0
split_feature=11 11 20 37 4 37 4 4 11
split_gain=156.67 17.9463 7.76153 6.83565 6.4708 2.75695 0.643221 0.26139 0.162894
threshold=-0.0585858757062147 0.22955000000000006 1.925 -1.0000000180025095e-35 0.052149999999999981 0.072222222222222202 0.12280000000000001 0.10065 0.70415000000000016
decision_type=2 2 2 2 2 2 2 2 2
left_child=5 2 -2 -4 -3 7 8 -1 -6
right_child=1 4 3 -5 6 -7 -8 -9 -10
leaf_value=-0.094975598553495202 -0.050369839713691182 0.029060625166557948 0.078108473578431689 -0.012707475304168945 0.051453924968158309 -0.051981823811320216 0.090795233011665019 -0.068045953104299645 0.07877437256281547
leaf_weight=23.985791087150577 4.2499812543392164 6.9767187088727942 3.9829907417297363 3.9987452030181885 3.7355965375900295 6.4999430477619162 20.163769274950027 3.7481326609849921 4.230083629488945
leaf_count=96 17 28 16 16 15 26 81 15 17
internal_value=-0.00313208 0.0556873 0.00305907 0.0323979 0.0738213 -0.0845372 0.0846035 -0.0917733 0.0673788
internal_weight=81.5718 47.3379 12.2317 7.98174 35.1062 34.2339 28.1294 27.7339 7.96568
internal_count=327 190 49 32 141 137 113 111 32
is_linear=0
shrinkage=0.05


Tree=2
num_leaves=10
num_cat=0
split_feature=11 11 20 4 19 4 5 11 32
split_gain=142.202 16.3856 7.03098 5.94114 4.96756 2.10027 1.13069 0.155714 0.0317552
threshold=-0.0585858757062147 0.22955000000000006 1.925 0.052149999999999981 2.7500000000000004 0.091447293863770887 0.094199999999999992 -0.18900000000000003 0.21130952380952384
decision_type=2 2 2 2 2 2 2 2 2
left_child=5 2 -2 -3 -4 7 8 -1 -5
right_child=1 3 4 6 -6 -7 -8 -9 -10
leaf_value=-0.089412018596059628 -0.047944541426501966 0.027679646274016631 -0.0099524839766670006 0.069247134755855339 0.067553669408822042 -0.049383759329914345 0.049430982112758315 -0.064882466055452226 0.089235648755348632
leaf_weight=24.642456814646721 4.2468378096818906 6.9638714343309394 3.7334921211004257 5.195360064506537 4.222744956612587 5.7311753779649726 3.7237780690193167 3.7367162406444576 19.008916914463043
leaf_count=99 17 28 15 21 17 23 15 15 77
internal_value=-0.00298004 0.0532235 0.00288199 0.0706284 0.0308909 -0.0806532 0.0810223 -0.0865969 0.0854535
internal_weight=81.2053 47.095 12.2031 34.8919 7.95624 34.1103 27.9281 28.3792 24.2043
internal_count=327 190 49 141 32 137 113 114 98
is_linear=0
shrinkage=0.05


Tree=3
num_leaves=11
num_cat=0
split_feature=11 11 10 11 5 5 18 10 13 0
split_gain=129.426 10.8895 6.92851 5.4533 5.36537 1.11164 0.994757 0.366466 0.304109 0.224292
threshold=0.035599999999999972 0.29820000000000008 3.7450000000000001 -0.16535000000000002 0.10879999999999999 0.068315118776813052 223.75000000000003 9.2500000000000018 8.2500000000000018 0.73790000000000011
decision_type=2 2 2 2 2 2 2 2 2 2
left_child=3 2 5 7 6 -2 -3 8 -1 -8
right_child=1 4 -4 -5 -6 -7 9 -9 -10 -11
leaf_value=-0.078934034249456608 -0.034838308001785799 0.049977886367158317 0.065018594505440744 -0.030645271092702667 0.019748884265981856 0.0023340035720270584 0.061565928789237494 -0.087375504113738095 -0.050514923037287079 0.086372666420289637
leaf_weight=5.4377476125955599 3.7237851619720441 4.1728444844484356 3.949316143989563 6.9590521156787863 4.9576848149299613 3.7319489121437073 3.9448831528425243 20.266985237598419 3.9585734903812408 19.547642081975937
leaf_count=22 15 17 16 28 20 15 16 82 16 80
internal_value=-0.0028427 0.0548061 0.0120826 -0.0722458 0.0695069 -0.0157854 0.0781403 -0.0817016 -0.0681459 0.0826976
internal_weight=80.6505 44.0281 11.4051 36.6224 32.6231 7.45573 27.6654 29.6633 9.39632 23.4925
internal_count=327 179 46 148 133 30 113 120 38 96
is_linear=0
shrinkage=0.05


Tree=4
num_leaves=10
num_cat=0
split_feature=11 11 20 37 4 37 5 5 32
split_gain=118.367 13.8078 6.35247 6.0157 5.45283 2.63193 0.919509 0.233836 0.0110918
threshold=-0.0585858757062147 0.22955000000000006 1.925 -1.0000000180025095e-35 0.052149999999999981 0.072222222222222202 0.094199999999999992 0.10164965034965033 0.21130952380952384
decision_type=2 2 2 2 2 2 2 2 2
left_child=5 2 -2 -4 -3 7 8 -1 -6
right_child=1 4 3 -5 6 -7 -8 -9 -10
leaf_value=-0.066956078981477596 -0.045632624392106309 0.023950885718461049 0.072741457822044026 -0.012713294177878032 0.06413176837659057 -0.042613362237264196 0.04617557339040932 -0.086206488759094188 0.082977523490196714
leaf_weight=7.6075947433710125 4.2368472367525083 6.9097014814615241 3.9286545962095261 3.9957497417926788 5.1072658747434678 6.4290145933628073 3.6958505213260642 19.538886353373528 18.515472739934921
leaf_count=31 17 28 16 16 21 26 15 80 77
internal_value=-0.00271572 0.0489327 0.00269777 0.0294078 0.0651585 -0.0741576 0.0752735 -0.0812608 0.0794013
internal_weight=79.965 46.3895 12.1613 7.9244 34.2283 33.5755 27.3186 27.1465 23.6227
internal_count=327 190 49 32 141 137 113 111 98
is_linear=0
shrinkage=0.05


Tree=5
num_leaves=12
num_cat=0
split_feature=11 4 1 5 4 39 11 33 1 1 44
split_gain=113.283 8.77235 9.84563 3.43428 2.8355 2.81009 2.37282 4.08254 0.398546 0.712259 0.371949
threshold=-0.0585858757062147 0.09530000000000001 0.39890000000000003 0.10164965034965033 0.080450000000000035 1460.14895881699 0.23599199134199134 0.46428571428571436 0.80020000000000013 0.69325000000000003 0.54000000000000015
decision_type=2 2 2 2 2 2 2 2 2 2 2
left_child=3 2 5 4 -1 -2 7 -3 9 -5 -8
right_child=1 6 -4 8 -6 -7 10 -9 -10 -11 -12
leaf_value=-0.063908217241377949 0.076135431461908057 0 -0.026162806377014999 -0.080092730886816538 -0.0048079878743938539 0.016822375660273069 0.056542609856549901 0.074841723283080697 -0.084086038011240816 -0.041958939350566063 0.078529695963559146
leaf_weight=5.1002212762832624 5.3583236336708051 3.6813774406909969 6.7026537954807273 3.8427211642265346 3.6758443862199783 3.6549991816282272 5.991830766201022 3.6829874366521835 18.365749448537827 3.6396375894546509 17.822473704814911
leaf_count=21 22 15 27 16 15 15 25 15 76 15 75
internal_value=-0.000452263 0.0500905 0.0190164 -0.068998 -0.0400505 0.0530805 0.065483 0.0383591 -0.0784414 -0.0630008 0.0734663
internal_weight=81.5188 46.8946 15.716 34.6242 8.77607 9.01332 31.1787 7.36436 25.8481 7.48236 23.8143
internal_count=337 194 64 143 36 37 130 30 107 31 100
is_linear=0
shrinkage=0.05


Tree=6
num_leaves=12
num_cat=0
split_feature=11 11 14 6 1 24 38 7 5 27 36
split_gain=103.803 7.36179 5.9849 5.73461 3.25268 3.50727 2.16613 3.1532 1.68886 0.779094 0.466698
threshold=-0.0585858757062147 0.55385000000000018 7.7500000000000009 0.025302792748213638 0.80020000000000013 1.8975694444444446 1526.2287754863455 1.0600500000000002 0.13660000000000005 0.02152777777777776 -10.749999999999998
decision_type=2 2 2 2 2 2 2 2 2 2 2
left_child=4 2 3 -2 5 8 7 -5 -1 -9 -3
right_child=1 10 -4 6 -6 -7 -8 9 -10 -11 -12
leaf_value=-0.032416098031387723 -0.012033877876555236 0.051127104015354356 -0.011664106743576576 0.01590204593742809 -0.07923048222627331 -0.002262039125568376 0.08169823599482523 0.083902242542833294 -0.079342061332093761 0.043524328987268483 0.079650828506077631
leaf_weight=3.8861465603113157 3.681335046887404 3.7538886219263103 5.9424161314964286 6.4977326989173907 20.94134809076786 3.6435191929340354 5.6968555301427832 3.6164855360984802 5.6920173019170761 3.5719147771596909 13.626023277640341
leaf_count=16 15 16 24 27 88 15 24 15 24 15 58
internal_value=-0.000432201 0.048175 0.0322663 0.0438021 -0.0665251 -0.0455824 0.0546707 0.0425469 -0.0613511 0.0653969 0.0741038
internal_weight=80.5497 46.3867 29.0067 23.0643 34.163 13.2217 19.383 13.6861 9.57816 7.1884 17.3799
internal_count=337 194 120 96 143 55 81 57 40 30 74
is_linear=0
shrinkage=0.05


Tree=7
num_leaves=11
num_cat=0
split_feature=11 0 11 14 6 1 24 38 14 6
split_gain=95.2274 9.94734 5.59317 8.49373 6.09496 3.06437 3.249 3.05972 1.66104 0.653236
threshold=-0.0585858757062147 0.90160000000000007 0.59365000000000012 7.7500000000000009 0.024614476040744803 0.80020000000000013 1.8975694444444446 1526.2287754863455 1.7500000000000002 0.64443168167099529
decision_type=2 2 2 2 2 2 2 2 2 2
left_child=5 2 3 4 -2 6 9 8 -6 -1
right_child=1 -3 -4 -5 7 -7 -8 -9 -10 -11
leaf_value=-0.043485758355380953 -0.024601157571905563 0.075450407595952049 0.076907040759631104 -0.04405226871967341 0.04813652069647633 -0.076735327487862617 -0.002152758282373744 0.079671024251312839 0.0066753953745003472 -0.076288903116471699
leaf_weight=5.2613207846879941 3.684718534350405 17.975928544998169 4.6664859801530829 4.4723214656114569 5.504131004214285 20.554183050990105 3.642166629433631 4.6955495178699485 4.8683080077171326 4.1860027462244034
leaf_count=22 15 78 20 18 23 88 15 20 20 18
internal_value=-0.000404453 0.0463562 0.027224 0.0167402 0.0316605 -0.0642514 -0.0438358 0.0458199 0.0294037 -0.059191
internal_weight=79.5111 45.8674 27.8915 23.225 18.7527 33.6437 13.0895 15.068 10.3724 9.44732
internal_count=337 194 116 96 78 143 55 63 43 40
is_linear=0
shrinkage=0.05


Tree=8
num_leaves=11
num_cat=0
split_feature=10 0 5 4 10 0 7 23 38 10
split_gain=64.6019 16.5268 13.6889 6.08137 4.35586 5.60372 3.24609 3.14681 0.901232 0.603565
threshold=7.0950000000000006 0.90160000000000007 0.18645000000000003 0.10300000000000002 -5.2499999999999991 0.64630000000000021 1.0594500000000002 0.90937500000000016 1502.135893912985 8.7500000000000018
decision_type=2 2 2 2 2 2 2 2 2 2
left_child=1 2 4 9 8 7 -7 -6 -1 -2
right_child=3 -3 -4 -5 5 6 -8 -9 -10 -11
leaf_value=0.076177653956844171 -0.050826697244954616 0.073005711787914748 -0.050595365153025089 -0.0036283569221550391 0.018977508631462983 0.0070358628118484369 0.065068991587400538 -0.040471783636013177 0.036198273197515111 -0.076591772597802296
leaf_weight=4.3956490308046368 5.1737742871046128 17.109841361641884 6.7236886322498313 4.0414339005947104 3.8079336732625979 4.5388282388448697 5.6834395676851273 4.8898987174034119 3.4954865872859955 18.4693333953619
leaf_count=19 22 76 28 17 16 19 24 20 15 81
internal_value=-0.000387249 0.0331061 0.0124438 -0.061737 0.0285677 0.0150458 0.0401037 -0.0139565 0.0597685 -0.0714021
internal_weight=78.3293 50.6448 33.5349 27.6845 26.8112 18.9201 10.2223 8.69783 7.89114 23.6431
internal_count=337 217 141 120 113 79 43 36 34 103
is_linear=0
shrinkage=0.05


Tree=9
num_leaves=11
num_cat=0
split_feature=11 0 5 6 18 5 6 27 24 6
split_gain=81.0501 8.8045 7.44127 4.29587 3.75075 2.93253 5.39128 2.08381 0.516753 0.5067
threshold=-0.0585858757062147 0.90160000000000007 0.20385000000000006 0.021978485171033669 243.25000000000003 0.10164965034965033 0.026378203551705875 0.041666666666666581 2.8659722222222226 0.09156664835335919
decision_type=2 2 2 2 2 2 2 2 2 2
left_child=5 2 3 -2 7 6 -1 9 -7 -5
right_child=1 -3 -4 4 -6 8 -8 -9 -10 -11
leaf_value=-0.075542748938708562 -0.0080187073391460844 0.071435003233105671 -0.039052084823508609 0.078608643388867 0 -0.073139120248329331 0.0028385993572428775 0.027859000696411652 -0.044403853194331822 0.046646979530287229
leaf_weight=3.9216939955949766 4.359138682484633 17.189718171954155 3.723639875650405 7.1609054803848284 3.5514261126518241 20.663671612739567 4.5551161468029022 5.2085333168506613 3.3850307911634436 3.428830698132515
leaf_count=17 18 78 15 31 15 92 19 22 15 15
internal_value=-0.000362653 0.0432887 0.0252747 0.0357093 0.0458081 -0.060351 -0.0332986 0.0561866 -0.0695021 0.0692608
internal_weight=77.1477 44.6222 27.4325 23.7088 19.3497 32.5255 8.47681 15.7983 24.0487 10.5897
internal_count=337 194 116 101 83 143 36 68 107 46
is_linear=0
shrinkage=0.05


Tree=10
num_leaves=11
num_cat=0
split_feature=11 0 11 14 18 9 18 5 37 24
split_gain=74.4916 6.81141 5.76854 5.80401 3.81716 5.34185 3.15461 3.072 5.61315 0.541841
threshold=-0.0585858757062147 0.90160000000000007 0.57560000000000011 7.7500000000000009 225.25000000000003 268.50000000000006 238.25000000000003 0.10164965034965033 -0.13571428571428568 2.8659722222222226
decision_type=2 2 2 2 2 2 2 2 2 2
left_child=7 2 3 4 -2 6 -6 8 -1 -9
right_child=1 -3 -4 -5 5 -7 -8 9 -10 -11
leaf_value=-0.066108683984111516 -0.017399893058920951 0.069097129196863033 0.072842327931186432 -0.041015863527466237 0.079497990006212951 -0.012504263091445051 0.019242316320091993 -0.073651673123652561 0.014305850243272951 -0.044980943221547845
leaf_weight=5.0334948748350143 3.6389581859111884 15.443296328186987 5.3251438289880744 3.7214920073747626 6.2369741350412351 3.5284318178892127 3.8118970543146133 18.864504054188732 3.5585075020790118 3.5690444558858863
leaf_count=22 15 72 24 15 27 15 16 86 15 16
internal_value=-0.000930601 0.0426027 0.0266306 0.0143495 0.0267738 0.0390194 0.0575483 -0.0595599 -0.0324471 -0.0695321
internal_weight=72.7317 41.7062 26.2629 20.9378 17.2163 13.5773 10.0489 31.0256 8.592 22.4335
internal_count=323 184 112 88 73 58 43 139 37 102
is_linear=0
shrinkage=0.05


Tree=11
num_leaves=11
num_cat=0
split_feature=11 0 11 14 18 40 20 5 6 24
split_gain=68.6769 6.49203 5.42721 5.27979 3.49898 4.69495 5.78783 2.95723 5.99411 0.528924
threshold=-0.0585858757062147 0.90160000000000007 0.57560000000000011 7.7500000000000009 225.25000000000003 49.316352628892794 1.9350000000000003 0.10164965034965033 0.026378203551705875 2.8659722222222226
decision_type=2 2 2 2 2 2 2 2 2 2
left_child=7 2 3 4 -2 6 -6 8 -1 -9
right_child=1 -3 -4 -5 5 -7 -8 9 -10 -11
leaf_value=-0.072802086253641346 -0.016520842909945814 0.067470032043199082 0.07105682158389727 -0.039090712701398009 -0.034595158222714049 0.070372383486869847 0.051965043656672795 -0.071923280345307344 0.0095797292531312229 -0.043438264092771024
leaf_weight=4.2273973673582095 3.6460838913917639 15.037650689482687 5.1918956637382498 3.7146223336458197 3.5753925591707212 5.9564282596111298 3.9147709310054779 18.366957157850269 4.2783146053552628 3.5159230530261985
leaf_count=19 15 72 24 15 15 26 17 86 18 16
internal_value=-0.000899449 0.0411806 0.0255833 0.0137118 0.0256385 0.0374768 0.0100758 -0.0578372 -0.0311538 -0.0677925
internal_weight=71.4254 41.0368 25.9992 20.8073 17.0927 13.4466 7.49016 30.3886 8.50571 21.8829
internal_count=323 184 112 88 73 58 32 139 37 102
is_linear=0
shrinkage=0.05


Tree=12
num_leaves=10
num_cat=0
split_feature=11 11 39 19 5 6 5 18 24
split_gain=63.4036 5.7493 5.66376 3.16191 2.8489 5.60375 2.61421 1.35102 0.520726
threshold=-0.0585858757062147 0.29820000000000008 1493.5108523154422 3.2500000000000004 0.10164965034965033 0.026378203551705875 0.10879999999999999 222.00000000000003 2.8659722222222226
decision_type=2 2 2 2 2 2 2 2 2
left_child=4 2 -2 -4 5 -1 7 -3 -6
right_child=1 6 3 -5 8 -7 -8 -9 -10
leaf_value=-0.070982926619768488 -0.033106898354314143 0.026335634908866559 0 0.060642576212599553 -0.070350744979889579 0.0090931624484391384 0.016048555115011218 0.065326783129351751 -0.041962792466547404
leaf_weight=4.1241310536861437 4.3885709196329108 3.2407468855381074 3.7996453642845136 5.1159305423498154 17.853877887129787 4.2870022356510162 4.4448000043630591 19.344239264726639 3.4624613672494879
leaf_count=19 18 15 16 22 86 18 19 94 16
internal_value=-0.000870989 0.0398526 0.0123284 0.035367 -0.0562404 -0.0299548 0.0531205 0.0600931 -0.0661906
internal_weight=70.0614 40.3339 13.3041 8.91558 29.7275 8.41113 27.0298 22.585 21.3163
internal_count=323 184 56 38 139 37 128 109 102
is_linear=0
shrinkage=0.05


Tree=13
num_leaves=10
num_cat=0
split_feature=11 0 11 14 44 5 6 36 24
split_gain=58.5597 6.08257 4.99371 4.58146 3.07766 2.74995 5.24924 2.52815 0.51634
threshold=-0.0585858757062147 0.90160000000000007 0.57560000000000011 7.7500000000000009 0.70000000000000007 0.10164965034965033 0.026378203551705875 -1.0000000180025095e-35 2.8659722222222226
decision_type=2 2 2 2 2 2 2 2 2
left_child=5 2 3 4 7 6 -1 -2 -7
right_child=1 -3 -4 -5 -6 8 -8 -9 -10
leaf_value=-0.069320160930063782 0.033214236320103722 0.064804450355438539 0.068239942457278213 -0.037113231025915974 0.051874084272474655 -0.068915018700050845 0.0086325291596031761 -0.014706715458669124 -0.040548267454513676
leaf_weight=4.0170181840658206 4.9002344310283705 14.253952026367186 4.9419208168983451 3.6986338943243018 6.0068820863962165 17.329911753535274 4.2950921505689621 5.8851276040077254 3.4089521765708914
leaf_count=19 21 72 24 15 27 86 18 25 16
internal_value=-0.000839498 0.0385336 0.023418 0.0120863 0.0233744 -0.0547466 -0.0288217 0.00671153 -0.0647091
internal_weight=68.7377 39.6868 25.4328 20.4909 16.7922 29.051 8.31211 10.7854 20.7389
internal_count=323 184 112 88 73 139 37 46 102
is_linear=0
shrinkage=0.05


Tree=14
num_leaves=11
num_cat=0
split_feature=11 0 11 14 18 9 18 5 37 24
split_gain=54.1444 5.82872 4.72369 4.16995 2.96607 4.60982 3.07986 2.65906 5.02821 0.515044
threshold=-0.0585858757062147 0.90160000000000007 0.57560000000000011 7.7500000000000009 225.25000000000003 268.50000000000006 238.25000000000003 0.10164965034965033 -0.13571428571428568 2.8659722222222226
decision_type=2 2 2 2 2 2 2 2 2 2
left_child=7 2 3 4 -2 6 -6 8 -1 -9
right_child=1 -3 -4 -5 5 -7 -8 9 -10 -11
leaf_value=-0.061261928627162135 -0.016267849643440312 0.06349469106507509 0.06684136678432695 -0.035418191076796508 0.073953890890234381 -0.014313598120726101 0.013552305681690652 -0.067599992112504378 0.016224195844631119 -0.039189287491506894
leaf_weight=4.7010439932346344 3.6415609717369177 13.833333015441893 4.7987828701734534 3.6869419366121283 5.8652563691139203 3.475635662674903 3.7001589834690094 16.799088105559353 3.5086866468191165 3.355647385120391
leaf_count=22 15 72 24 15 27 15 16 86 15 16
internal_value=-0.00081168 0.0373031 0.0225152 0.0115528 0.0223808 0.0335951 0.0514882 -0.0533429 -0.0277474 -0.0633335
internal_weight=67.3661 39.0017 25.1683 20.3696 16.6826 13.0411 9.56542 28.3645 8.20973 20.1547
internal_count=323 184 112 88 73 58 43 139 37 102
is_linear=0
shrinkage=0.05


Tree=15
num_leaves=12
num_cat=0
split_feature=1 6 1 6 40 14 1 40 9 37 36
split_gain=34.9386 23.1645 6.56545 8.57373 4.81261 3.99567 2.6356 1.88114 1.69652 1.98111 1.14693
threshold=0.75550000000000017 0.64443168167099529 0.43420000000000009 0.065151939835534259 12.305454521688263 4.7500000000000009 0.86415000000000008 -2.0308105730236998 232.50000000000003 0.20416666666666675 -1.0000000180025095e-35
decision_type=2 2 2 2 2 2 2 2 2 2 2
left_child=1 2 8 4 -4 -6 7 -2 9 -1 -5
right_child=6 -3 3 10 5 -7 -8 -9 -10 -11 -12
leaf_value=0.016602647165490658 -0.056111466582599495 -0.074771203752200519 -0.046247766719492017 0.031832808902831654 0.050243356451210391 -0.021608556279907612 -0.067004728137999722 -0.0026948700001992467 0.070037162017807728 0.066005216419459042 0.076790179537339742
leaf_weight=5.0480848401784915 2.9650693386793137 4.8436373621225348 4.8077145516872424 3.108059361577034 4.088802844285965 3.4012462049722672 12.088920786976812 4.0478240102529552 13.3491885215044 3.8938002437353134 4.4518479853868476
leaf_count=24 15 24 21 15 18 15 63 19 69 20 21
internal_value=0.0041695 0.0274116 0.0394217 0.0180127 -0.00743426 0.0171017 -0.0525929 -0.0264538 0.0581047 0.0391604 0.0596167
internal_weight=66.0942 46.9924 42.1487 19.8577 12.2978 7.49005 19.1018 7.01289 22.2911 8.94189 7.55991
internal_count=324 227 203 90 54 33 97 34 113 44 36
is_linear=0
shrinkage=0.05


Tree=16
num_leaves=12
num_cat=0
split_feature=11 0 13 32 7 37 18 0 1 18 4
split_gain=43.9299 10.3672 4.85998 3.68916 4.84351 3.89507 3.78419 1.19066 1.03772 1.89657 0.295426
threshold=-0.16535000000000002 0.89100000000000013 -5.2499999999999991 0.41421568627450983 1.0587500000000001 -0.077380952380952397 234.75000000000003 0.74160000000000015 0.86415000000000008 234.75000000000003 -1.0000000180025095e-35
decision_type=2 2 2 2 2 2 2 2 2 2 2
left_child=8 2 7 6 -5 -6 -4 -2 9 10 -1
right_child=1 -3 3 4 5 -7 -8 -9 -10 -11 -12
leaf_value=-0.03791847259629394 0.067236190966199913 0.06567344365367353 0.0060340765706416426 -0.018332933643773218 0.0093100278530892488 0.083228451135660186 -0.062748065050199947 0.022144732683883249 -0.065412965832980216 -0.0050065783358747571 -0.066689355552571189
leaf_weight=3.5682082921266556 4.1569519937038448 15.670639261603354 4.1582873463630703 5.0826352089643461 4.083421394228937 3.3681110292673093 3.5300255119800568 3.0776205658912659 11.262387320399283 3.0325339585542679 3.7599580436944979
leaf_count=19 21 86 18 22 18 15 15 15 61 15 19
internal_value=0.00404556 0.0332611 0.0144096 0.00150071 0.0184088 0.0440432 -0.0253049 0.0492992 -0.0538801 -0.04036 -0.0540525
internal_weight=64.7508 43.1277 27.4571 20.2225 12.5342 7.45153 7.68831 7.23457 21.6231 10.3607 7.32817
internal_count=324 210 124 88 55 33 33 36 114 53 38
is_linear=0
shrinkage=0.05


Tree=17
num_leaves=10
num_cat=0
split_feature=11 11 10 32 5 24 9 10 13
split_gain=40.7279 9.34207 5.22891 4.06634 3.76875 1.45896 0.437907 0.276289 0.839966
threshold=-0.16535000000000002 0.29820000000000008 4.7500000000000009 0.49000000000000005 0.10879999999999999 2.9493055555555556 189.50000000000003 9.2500000000000018 7.7500000000000009
decision_type=2 2 2 2 2 2 2 2 2
left_child=5 2 3 -2 6 7 -3 8 -1
right_child=1 4 -4 -5 -6 -7 -8 -9 -10
leaf_value=-0.063760294203380211 -0.045129621310885493 0.037221541908719839 0.040859882844401757 0.013299097742497766 0.0062641749735279188 -0.016030446124202728 0.064697772036055465 -0.064219478597341506 -0.022958288870422266
leaf_weight=3.1666260212659898 5.7084358483552951 3.1517968326807084 6.3104064911603919 5.8516356498003006 4.0006745010614386 2.8344809561967841 17.33519372344017 11.863939225673674 3.2001263499259949
leaf_count=17 24 16 29 25 18 14 98 67 16
internal_value=0.0039243 0.0322362 0.00439317 -0.0152642 0.0522515 -0.0526528 0.0609149 -0.0579555 -0.0446973
internal_weight=63.4233 42.3581 17.8705 11.5601 24.4877 21.0652 20.487 18.2307 6.36675
internal_count=324 210 78 49 132 114 114 100 33
is_linear=0
shrinkage=0.05


Tree=18
num_leaves=11
num_cat=0
split_feature=11 11 0 10 33 10 39 4 5 40
split_gain=37.8162 7.29576 4.40971 3.59265 3.51428 4.22147 3.09127 2.58024 1.52536 2.30129
threshold=0.1586500000000001 -0.18900000000000003 0.89100000000000013 -1.3199999999999996 0.58571428571428574 4.7500000000000009 1460.14895881699 0.091447293863770887 0.18347369849888209 -57.168321492121542
decision_type=2 2 2 2 2 2 2 2 2 2
left_child=1 8 3 6 5 -3 -2 -8 9 -1
right_child=2 4 -4 -5 -6 -7 7 -9 -10 -11
leaf_value=-0.061735407531733816 0.06694463307169643 -0.016648502189950422 0.063814831364567934 -0.013739141859614182 -0.040440167229289531 0.054503022695186122 -0.014145670453516113 0.048483614109833456 -0.063669889021204518 -0.0018480587887292192
leaf_weight=3.1665659844875336 5.3468541502952558 4.4293451905250532 14.503249093890188 4.2121485769748714 4.1943741142749777 3.6745134741067886 3.4270844012498856 2.8737481683492661 12.83230175077915 3.5181918740272584
leaf_count=18 28 19 85 18 18 17 15 15 74 17
internal_value=0.00379721 -0.034156 0.0437113 0.0247294 -0.00349644 0.0152752 0.0390649 0.013949 -0.0531042 -0.0314454
internal_weight=62.1784 31.8153 30.3631 15.8598 12.2982 8.10386 11.6477 6.30083 19.5171 6.68476
internal_count=324 163 161 76 54 36 58 30 109 35
is_linear=0
shrinkage=0.05


Tree=19
num_leaves=9
num_cat=0
split_feature=11 0 10 32 36 9 24 38
split_gain=35.1277 9.31181 4.39355 4.33804 3.36588 3.24346 1.46286 0.288947
threshold=-0.16535000000000002 0.89100000000000013 -1.6249999999999998 0.41421568627450983 3.535714285714286 242.50000000000003 2.9493055555555556 1376.0267230880972
decision_type=2 2 2 2 2 2 2 2
left_child=6 2 5 -4 -5 -2 7 -1
right_child=1 -3 3 4 -6 -7 -8 -9
leaf_value=-0.037208821666955758 0.0092407755077957791 0.062961137546305543 -0.035940282417787843 0.052457864008442115 -0.0068927461221971386 0.06504679571183096 -0.01355071968930871 -0.060389304691872182
leaf_weight=3.6762047708034578 5.6304571479558945 14.180510461330412 6.3410013467073449 3.866719186305998 5.6569049805402756 5.2390782386064529 2.7563515454530707 13.528970047831534
leaf_count=21 26 86 27 17 25 29 14 79
internal_value=0.00367384 0.0302642 0.0125645 -0.00395165 0.0169795 0.0369427 -0.0504577 -0.0559689
internal_weight=60.8762 40.9147 26.7342 15.8646 9.52362 10.8695 19.9615 17.2052
internal_count=324 210 124 69 42 55 114 100
is_linear=0
shrinkage=0.05


Tree=20
num_leaves=12
num_cat=0
split_feature=11 0 14 0 37 4 10 10 22 11 40
split_gain=30.9612 7.79502 5.07793 5.4332 3.83784 4.97705 3.40549 1.72555 2.56499 1.47373 0.135944
threshold=-0.16535000000000002 0.90160000000000007 7.7500000000000009 0.73790000000000011 0.20416666666666675 0.28695000000000004 -1.6249999999999998 9.2500000000000018 225.25000000000003 0.064850000000000033 134.77691444368034
decision_type=2 2 2 2 2 2 2 2 2 2 2
left_child=7 2 4 -4 5 6 -2 8 -1 -8 -3
right_child=1 10 3 -5 -6 -7 9 -9 -10 -11 -12
leaf_value=-0.061594694905193072 0.025276990496222437 0.061786097896131681 0.017411601168570514 -0.069075582688039178 0.069787910312789733 0.061137765419841707 0 -0.059617179858743818 -0.0013860842645240937 -0.045896778235083452 0.036583461615584699
leaf_weight=3.1112999767065075 5.9703533649444624 10.176577657461165 3.4124649614095679 3.5496202856302261 3.5082705318927756 3.9114044457674018 3.4209670722484633 14.119871914386747 4.3436940014362335 3.8770750761032104 2.3185154497623435
leaf_count=18 29 64 17 15 18 19 15 85 22 16 15
internal_value=-0.000728869 0.0251371 0.0100259 -0.0263296 0.0225689 0.0122889 -0.00208693 -0.0489833 -0.0276583 -0.0251876 0.0578342
internal_weight=61.7201 40.1452 27.6502 6.96209 20.6881 17.1798 13.2684 21.5749 7.45499 7.29804 12.4951
internal_count=333 208 129 32 97 79 60 125 40 31 79
is_linear=0
shrinkage=0.05


Tree=21
num_leaves=12
num_cat=0
split_feature=5 0 6 5 5 0 9 13 18 9 18
split_gain=23.5335 11.6784 8.97649 5.01601 3.61665 2.53818 4.11626 1.78344 1.08281 0.0916168 0.0449917
threshold=0.17250000000000007 0.75890000000000002 0.029440204779600038 0.075550000000000048 0.018299999999999986 0.60915000000000008 229.50000000000003 1.7500000000000002 226.25000000000003 813.50000000000011 243.75000000000003
decision_type=2 2 2 2 2 2 2 2 2 2 2
left_child=1 2 7 4 -4 9 -7 -1 -3 -2 -10
right_child=5 8 3 -5 -6 6 -8 -9 10 -11 -12
leaf_value=-0.0085256173313556973 -0.061967087638156587 0.025442497637508305 0.030160003120488971 0.069953465832996151 -0.032015409305194219 -0.064300494539830652 0.0031204058728578135 -0.058801555838170552 0.063436060923270199 -0.037513033554956145 0.041995594453124091
leaf_weight=2.9998842924833315 9.8353671282529849 3.7244209498167065 5.2712942808866483 3.9578501582145682 4.0198832005262375 3.4684873372316343 5.817057266831398 5.5023283064365387 10.775634229183195 2.2572712153196326 2.816242739558219
leaf_count=14 61 22 26 18 18 17 29 30 66 14 18
internal_value=-0.000698668 0.0222834 -0.00191728 0.0235193 0.00267256 -0.0428382 -0.0219478 -0.041949 0.0528057 -0.0581576 0.0596979
internal_weight=60.4457 39.0675 21.7512 13.249 9.29118 21.3782 9.28554 8.50221 17.3163 12.0926 13.5919
internal_count=333 212 106 62 44 121 46 44 106 75 84
is_linear=0
shrinkage=0.05


Tree=22
num_leaves=13
num_cat=0
split_feature=11 0 5 1 11 40 10 8 39 11 5 40
split_gain=26.7839 7.56052 5.62332 4.27042 7.95999 2.31375 1.83212 1.14521 0.982602 0.592315 0.484113 0.16426
threshold=-0.18900000000000003 0.90160000000000007 0.20385000000000006 0.63245000000000007 0.27106763236763243 62.150388196216461 7.7500000000000009 10.500000000000002 1503.630143615949 0.46181423779782566 0.07780000000000005 134.77691444368034
decision_type=2 2 2 2 2 2 2 2 2 2 2 2
left_child=6 2 3 4 8 -4 -1 -6 -2 -9 -8 -3
right_child=1 11 5 -5 7 -7 10 9 -10 -11 -12 -13
leaf_value=-0.015171264639317292 -0.0475571193836892 0.060556949170906864 0 0.068845108475562258 0.014679912308731334 -0.060267288313100291 -0.031528554664635819 0.066431833714941588 -0.0092138289722196644 0.029002618929594982 -0.061005192226523286 0.034233379034998582
leaf_weight=3.8225512504577663 3.5428119450807669 9.5397917330265027 3.270817130804061 3.7597299367189398 3.7747135013341984 3.3084585666656494 2.8387811481952658 3.6959186643361948 3.932158574461937 2.699572741985321 12.86496742069721 2.1919476687908164
leaf_count=21 15 64 15 17 21 15 15 19 17 15 84 15
internal_value=-0.000677317 0.0228025 0.00839209 0.0209522 0.0101353 -0.0314242 -0.0485622 0.0389715 -0.0284349 0.0520923 -0.0562263 0.0563922
internal_weight=59.2422 39.7159 27.9842 21.4049 17.6452 6.57928 19.5263 10.1702 7.47497 6.39549 15.7037 11.7317
internal_count=333 213 134 104 87 30 120 55 32 34 99 79
is_linear=0
shrinkage=0.05


Tree=23
num_leaves=12
num_cat=0
split_feature=11 0 11 14 8 21 0 0 4 9 36
split_gain=24.8935 7.20507 3.92195 4.16388 4.73488 5.06623 2.54284 2.52142 1.625 1.56089 0.173351
threshold=-0.18900000000000003 0.90160000000000007 0.57560000000000011 7.7500000000000009 10.500000000000002 1.9350000000000003 0.69350000000000012 0.75355000000000005 0.10300000000000002 813.50000000000011 -11.35
decision_type=2 2 2 2 2 2 2 2 2 2 2
left_child=8 2 3 4 -2 -6 -7 -5 9 -1 -3
right_child=1 10 -4 7 5 6 -8 -9 -10 -11 -12
leaf_value=-0.06096692667364241 -0.037342429774210269 0.033111150636606142 0.058699368010802916 0 0.064995005902568778 -0.029568575403838046 0.024215482087617094 -0.062520491074861434 -0.0066632964207041226 -0.019032195003030966 0.059863013387586719
leaf_weight=13.295061245560651 3.4827382564544758 2.1336402744054785 3.2653051167726508 3.2638193368911734 5.2869928926229486 3.4469871371984464 5.6003927290439606 3.3271182030439377 2.4323611110448828 3.2485090196132651 9.1913353502750379
leaf_count=88 15 15 21 15 26 15 27 15 13 19 64
internal_value=-0.000652534 0.0221074 0.00807241 0.000883654 0.0136461 0.0265537 0.0030783 -0.0325577 -0.0475604 -0.0531968 0.0555945
internal_weight=57.9743 38.9983 27.6734 24.408 17.8171 14.3344 9.04738 6.59094 18.9759 16.5436 11.325
internal_count=333 213 134 113 83 68 42 30 120 107 79
is_linear=0
shrinkage=0.05


Tree=24
num_leaves=13
num_cat=0
split_feature=11 0 5 5 11 8 5 41 10 22 4 41
split_gain=23.141 6.86698 4.7301 2.74904 4.34382 3.10652 2.13932 2.09759 1.83893 1.60738 0.799588 0.183055
threshold=-0.18900000000000003 0.90160000000000007 0.20385000000000006 0.075550000000000048 0.57560000000000011 10.500000000000002 0.033550000000000003 0.58849963336138111 7.7500000000000009 229.25000000000003 0.097850000000000006 0.68478128401700855
decision_type=2 2 2 2 2 2 2 2 2 2 2 2
left_child=8 2 3 4 5 -2 -7 -4 -1 -5 -10 -3
right_child=1 11 7 9 -6 6 -8 -9 10 -11 -12 -13
leaf_value=-0.012933452646880901 -0.045966622413695229 0.059209793640061861 0 0.017931597606578479 0.057916464839821317 0.032415000574675522 -0.019663282373790149 -0.057055620063867454 -0.060017531423188275 0.070948439855183315 -0.022777259057456981 0.03199128222029135
leaf_weight=3.7195461690425899 3.5194718241691634 8.8526471182703954 3.2547909915447226 3.1667145788669577 3.1482930034399024 4.4641190022230157 3.2702147662639618 3.208224430680275 12.371290028095244 3.302178829908371 2.3460273146629325 2.0756532251834861
leaf_count=21 15 64 15 15 21 22 15 15 86 16 13 15
internal_value=-0.000633201 0.0214441 0.00776256 0.0194739 0.00678738 -0.00745992 0.00978723 -0.0290156 -0.0465888 0.0464244 -0.0546124 0.0548304
internal_weight=56.6992 38.2623 27.334 20.871 14.4021 11.2538 7.73433 6.46302 18.4369 6.46889 14.7173 10.9283
internal_count=333 213 134 104 73 52 37 30 120 31 99 79
is_linear=0
shrinkage=0.05


Tree=25
num_leaves=11
num_cat=0
split_feature=11 0 18 39 4 41 18 6 4 23
split_gain=25.4194 7.28051 5.08499 4.79173 8.62454 3.5095 3.37546 3.17686 2.10151 0.0993558
threshold=-0.22168377615197021 0.90160000000000007 245.00000000000003 1456.8885273113081 0.091447293863770887 0.51039460752261256 229.75000000000003 0.10234463430420958 0.10300000000000002 2.9510416666666672
decision_type=2 2 2 2 2 2 2 2 2 2
left_child=8 2 3 7 6 -6 -5 -2 9 -1
right_child=1 -3 -4 4 5 -7 -8 -9 -10 -11
leaf_value=-0.060033886497119819 0.072906912265413612 0.058529399910723715 -0.041471550963000849 -0.060356038762924072 0 0.066435958262408931 0.00082178780515898282 0.0072286801298841385 -0.0037461109240239463 -0.035684274803419729
leaf_weight=12.721835874021055 5.133133947849279 10.274105556309221 4.0621224641799918 4.6845824420452136 3.4288319051265699 4.754903718829155 3.960233747959137 3.1561289727687836 2.3535725176334372 2.156844548881053
leaf_count=90 28 78 19 22 16 27 18 17 13 14
internal_value=0.000237864 0.0224497 0.00941898 0.0179792 0.00226408 0.039085 -0.0320695 0.0488802 -0.0501648 -0.0570997
internal_weight=56.6863 39.454 29.1799 25.1178 16.8286 8.18374 8.64482 8.28926 17.2323 14.8787
internal_count=342 225 147 128 83 43 40 45 117 104
is_linear=0
shrinkage=0.05


Tree=26
num_leaves=12
num_cat=0
split_feature=4 3 1 32 27 38 38 38 7 0 9
split_gain=19.1931 7.69436 7.20086 4.4076 2.82039 1.76689 2.30139 1.72436 1.67196 1.42123 1.26099
threshold=0.091447293863770887 0.38040000000000002 0.75550000000000017 0.36038961038961043 0.010069444444444466 1508.6663135505225 1497.9455509428965 1472.1801064086956 1.0588500000000003 0.54485000000000017 813.50000000000011
decision_type=2 2 2 2 2 2 2 2 2 2 2
left_child=1 3 5 4 -1 6 7 8 -2 10 -3
right_child=2 9 -4 -5 -6 -7 -8 -9 -10 -11 -12
leaf_value=0.0036128943151761844 0.047735407733048414 -0.061384143634207834 -0.031465775322782413 -0.029439547964033249 0.069908322785127694 0.062082985593903586 -0.0065096662638118481 0.068140835341413672 -0.0063583503131361772 -0.018048178649377081 -0.022770137141914559
leaf_weight=4.0867030173540133 2.8541520684957558 11.331994310021402 3.514870584011077 4.998366042971611 2.7534409314393997 8.8353995755314809 2.8903389424085608 3.979424811899662 2.4514497965574265 4.3569319844245902 3.3578656017780295
leaf_count=23 18 80 20 26 16 61 17 26 14 22 19
internal_value=0.000232181 -0.0258641 0.03327 0.00540367 0.0316428 0.0444342 0.0308181 0.0429162 0.0221612 -0.0454864 -0.0531093
internal_weight=55.4109 30.8853 24.5256 11.8385 6.84014 21.0108 12.1754 9.28503 5.3056 19.0468 14.6899
internal_count=342 186 156 65 39 136 75 58 32 121 99
is_linear=0
shrinkage=0.05


Tree=27
num_leaves=12
num_cat=0
split_feature=11 0 18 6 10 5 32 4 6 39 23
split_gain=22.2885 6.80512 4.53532 4.06675 5.61409 4.04947 2.62944 2.00662 1.13146 0.656864 0.123292
threshold=-0.22168377615197021 0.90160000000000007 246.75000000000003 0.033999988560716406 -1.6249999999999998 0.22065000000000004 0.41421568627450983 0.10300000000000002 0.11188263086957888 1529.2512157588724 2.9510416666666672
decision_type=2 2 2 2 2 2 2 2 2 2 2
left_child=7 2 3 4 6 8 -2 10 9 -5 -1
right_child=1 -3 -4 5 -6 -7 -8 -9 -10 -11 -12
leaf_value=-0.058895031252631583 0.047364061422472348 0.057576212084979407 -0.042641147845417324 0.069601095881819897 -0.065866742869289743 -0.0046185454661254203 -0.016454706376693759 -0.0030953112505546099 0.01718850330664471 0.032734852289460666 -0.03359030945032699
leaf_weight=11.838058710098268 3.2574333101511002 9.5644018873572332 3.6017971634864798 5.4036162048578245 2.9300174862146431 4.9890109598636618 2.881738007068634 2.3234899938106528 2.7084253281354895 2.7491843774914742 2.0555025264620772
leaf_count=90 20 78 17 29 13 24 14 13 15 15 14
internal_value=0.000221824 0.0212139 0.00868677 0.0164462 -0.00977396 0.0317296 0.0168224 -0.0485993 0.0487717 0.0583227 -0.0557754
internal_weight=54.3027 38.0856 28.5212 24.9194 9.06919 15.8502 6.13917 16.2171 10.8612 8.1528 13.8936
internal_count=342 225 147 130 47 83 34 117 59 44 104
is_linear=0
shrinkage=0.05


Tree=28
num_leaves=12
num_cat=0
split_feature=11 0 18 39 6 5 6 24 40 36 0
split_gain=20.7737 6.52859 4.15344 4.14834 5.40119 3.83074 2.93181 2.0031 1.99336 0.123707 0.0543953
threshold=-0.22168377615197021 0.90160000000000007 245.00000000000003 1456.8885273113081 0.028355730390698549 0.2261470531955608 0.10234463430420958 2.9493055555555556 7.2239539916515705 10.788888888888891 0.79535000000000011
decision_type=2 2 2 2 2 2 2 2 2 2 2
left_child=7 2 3 6 -5 8 -2 9 -6 -1 -10
right_child=1 -3 -4 4 5 -7 -8 -9 10 -11 -12
leaf_value=-0.058738554253435521 0.069778746296656535 0.057054486220558198 -0.037649740963483405 -0.044930314659919063 0.0049532424963190016 -0.025851165445143882 0.0056453854139293892 -0.004390480798351107 0.066553814476329187 -0.032883590414373325 0.039539788798528368
leaf_weight=11.236261703073977 4.8422901704907479 9.1799181103706342 4.0332645922899237 4.3906094282865551 3.3742535412311536 3.2033601254224768 3.097478836774826 2.50847004354 2.8184335976839066 1.9594866558909405 2.4265170320868492
leaf_count=87 28 78 19 20 16 16 17 15 15 15 16
internal_value=0.000204823 0.020577 0.00836029 0.0163732 0.0014822 0.0193703 0.0457622 -0.0477753 0.0368542 -0.0555515 0.0559651
internal_weight=53.0703 37.3661 28.1862 24.1529 16.2132 11.8226 7.93977 15.7042 8.6192 13.1957 5.24495
internal_count=342 225 147 128 83 63 45 117 47 102 31
is_linear=0
shrinkage=0.05


Tree=29
num_leaves=14
num_cat=0
split_feature=4 39 6 5 35 22 16 38 38 38 2 33 40
split_gain=15.5639 6.0011 11.2503 4.13018 2.34765 3.71906 2.32713 2.02458 2.52834 1.58382 1.44495 1.33436 2.17267
threshold=0.091447293863770887 1456.8885273113081 0.64443168167099529 0.17250000000000007 4.7500000000000009 228.25000000000003 1.9450000000000001 1508.6663135505225 1497.9455509428965 1472.1801064086956 0.47730000000000006 0.53571428571428581 10.76527835649563
decision_type=2 2 2 2 2 2 2 2 2 2 2 2 2
left_child=1 2 6 7 11 -6 -1 8 9 10 -2 12 -3
right_child=3 4 -4 -5 5 -7 -8 -9 -10 -11 -12 -13 -14
leaf_value=0.085765247548279328 -0.0056392169786525781 -0.05856914018896206 -0.066233915434464344 -0.022763391732279821 -0.0516336528293612 0.027691964791992509 0.020106802028820141 0.060183182564414711 -0.012523590308073955 0.061830878646382405 0.044906587193044252 -0.075522437511364809 -0.0099084788387094665
leaf_weight=2.5050099417567271 2.6894901394844108 5.7952531129121798 3.1086492091417313 2.9220868945121756 2.7797919288277617 2.8694623783230782 3.5258457437157631 7.5398696959018698 3.0109320878982535 4.1726484596729279 2.5334527269005775 4.1605098247528067 4.2924545705318451
leaf_count=14 15 46 21 18 17 16 22 58 18 29 18 26 24
internal_value=0.000202301 -0.0239637 0.00906998 0.0310752 -0.0393565 -0.0106908 0.0491487 0.039286 0.0258066 0.038619 0.0183224 -0.0502199 -0.0386547
internal_weight=51.9055 29.037 9.1395 22.8685 19.8975 5.64925 6.03086 19.9464 12.4065 9.39559 5.22294 14.2482 10.0877
internal_count=342 186 57 156 129 33 36 138 80 62 33 96 70
is_linear=0
shrinkage=0.05


Tree=30
num_leaves=10
num_cat=0
split_feature=11 4 4 2 31 4 31 38 22
split_gain=18.5539 7.47982 1.87764 4.61464 4.44536 1.60659 1.18708 0.314042 0.0167962
threshold=0.13925000000000004 0.22565000000000002 0.23565000000000003 0.68580000000000008 0.6132478632478634 0.10300000000000002 0.16783216783216787 1520.7010955590861 233.00000000000003
decision_type=2 2 2 2 2 2 2 2 2
left_child=1 5 3 -2 -5 6 -1 -8 -4
right_child=2 -3 8 4 -6 -7 7 -9 -10
leaf_value=-0.017736117876139049 -0.0216344861621241 0.047135336644616305 0.058576141459643773 0.067020080777433377 -0.00055813036213151152 -0.008973096512750604 -0.059009829183227058 -0.034701205972820885 0.03406243256151862
leaf_weight=3.2895565479993918 4.3531768545508411 2.4899248033761969 4.9445116296410552 5.7399543151259405 3.920629195868969 3.5028146356344214 11.806543998420237 3.438977286219596 1.8419286310672758
leaf_count=23 22 14 38 41 28 18 87 23 15
internal_value=-0.00322127 -0.0327182 0.0313128 0.0200377 0.0393573 -0.0421384 -0.048056 -0.0541142 0.0532401
internal_weight=45.328 24.5278 20.8002 14.0138 9.66058 22.0379 18.5351 15.2455 6.78644
internal_count=309 165 144 91 69 151 133 110 53
is_linear=0
shrinkage=0.05


Tree=31
num_leaves=11
num_cat=0
split_feature=11 4 0 18 2 4 4 38 11 38
split_gain=17.1846 6.94385 2.15365 2.43809 1.85148 1.96671 1.54609 1.33259 0.347451 0.321335
threshold=0.13925000000000004 0.22565000000000002 0.89100000000000013 238.75000000000003 0.70030000000000014 0.14564999999999997 0.10300000000000002 1376.0267230880972 0.78630000000000011 1520.7010955590861
decision_type=2 2 2 2 2 2 2 2 2 2
left_child=1 6 3 4 5 -2 7 -1 -4 -9
right_child=2 -3 8 -5 -6 -7 -8 9 -10 -11
leaf_value=-0.013796705099224963 -0.016577803234484417 0.045617698158542566 0.056123784313812153 -0.020722134838110334 0.057389562879046112 0.041710183569665521 -0.0085606471513545897 -0.05817816227402272 0.021760413852154117 -0.03365065504793853
leaf_weight=3.0125384777784445 2.9535345733165759 2.4485173970460883 6.6211795732378942 3.0931930989027014 3.5518508851528168 2.5552746281027794 3.4930730164051047 11.633895471692083 1.6147575825452802 3.3738249987363806
leaf_count=21 14 14 61 15 22 17 18 89 15 23
internal_value=-0.00312533 -0.0318761 0.0304089 0.0162022 0.0294421 0.00982938 -0.0410975 -0.0470466 0.0503281 -0.0532544
internal_weight=44.3516 23.9618 20.3898 12.1539 9.06066 5.50881 21.5133 18.0203 8.23594 15.0077
internal_count=309 165 144 68 53 31 151 133 76 112
is_linear=0
shrinkage=0.05


Tree=32
num_leaves=11
num_cat=0
split_feature=11 5 6 0 18 2 11 6 5 11
split_gain=15.9325 3.18596 5.70355 2.09911 2.24401 1.74094 1.3335 1.16455 0.921332 0.347645
threshold=0.13925000000000004 0.12079999999999998 0.047807631532229694 0.89100000000000013 238.75000000000003 0.70030000000000014 -0.18900000000000003 0.055382689817395726 0.061149999999999989 0.78630000000000011
decision_type=2 2 2 2 2 2 2 2 2 2
left_child=1 2 8 4 5 7 -3 -2 -1 -5
right_child=3 6 -4 9 -6 -7 -8 -9 -10 -11
leaf_value=-0.06421244438186488 -0.011376362384023791 -0.056555743076790246 0.034051021198800525 0.055654250496880081 -0.019634523846918692 0.056017244017371806 -0.021322325017917788 0.033348348109895655 -0.015325729269075803 0.021066259190113859
leaf_weight=2.6760264337062853 2.8339446932077426 9.7017073556780797 4.2515860199928284 6.3508751392364493 3.1064934059977523 3.4616786316037178 4.6866080164909354 2.6195809543132782 2.0942965894937515 1.5885404795408247
leaf_count=17 15 87 21 61 15 22 25 16 15 15
internal_value=-0.00302843 -0.0310551 -0.00698414 0.0295828 0.0155814 0.0284887 -0.0456509 0.00942031 -0.0445319 0.0497038
internal_weight=43.3713 23.4102 9.02191 19.9611 12.0217 8.9152 14.3883 5.45353 4.77032 7.93942
internal_count=309 165 53 144 68 53 112 31 32 76
is_linear=0
shrinkage=0.05


Tree=33
num_leaves=12
num_cat=0
split_feature=1 6 6 1 6 18 1 5 24 36 0
split_gain=11.8308 8.37523 5.86337 5.07144 4.20253 2.69533 1.9866 1.63277 1.18477 0.544554 0.353051
threshold=0.75550000000000017 0.64443168167099529 0.061601295777120701 0.29965000000000003 0.028355730390698549 238.75000000000003 0.51225000000000009 0.15115000000000003 2.9493055555555556 -0.53571428571428559 0.95665000000000011
decision_type=2 2 2 2 2 2 2 2 2 2 2
left_child=1 2 3 10 -5 6 -6 -4 9 -2 -1
right_child=8 -3 7 4 5 -7 -8 -9 -10 -11 -12
leaf_value=0.056285575262057609 -0.026099987268096349 -0.065578001249251838 0.067839838392165105 -0.052355771636278442 0.058351011193269658 -0.027645520551350986 0 0.012019493975595498 -0.0031717878178350832 -0.057752875952478792 0.019656589449845028
leaf_weight=3.7703444361686804 2.7627369686961165 2.8630729094147673 6.7972043529152852 4.0105919241905204 2.7861555963754636 3.1678192317485809 3.1077578663825989 1.9622297286987302 1.8029592111706723 7.8369464501738539 1.5582815781235693
leaf_count=33 22 20 49 20 21 18 17 11 13 69 16
internal_value=-0.00294371 0.0139078 0.0226799 0.00624673 -0.0102389 0.00822365 0.0284761 0.0561765 -0.0439215 -0.0502911 0.0470544
internal_weight=42.4261 30.0235 27.1604 18.401 13.0723 9.06173 5.89391 8.75943 12.4026 10.5997 5.32863
internal_count=309 205 185 125 76 56 38 60 104 91 49
is_linear=0
shrinkage=0.05


Tree=34
num_leaves=11
num_cat=0
split_feature=4 3 5 32 18 6 27 9 4 9
split_gain=11.994 7.15745 4.02609 3.83006 3.04319 2.10762 1.64017 2.13502 4.19775 1.04379
threshold=0.097850000000000006 0.41718333333333341 0.17250000000000007 0.36038961038961043 229.75000000000003 0.080250165846528873 -0.02152777777777792 221.50000000000003 0.24144999999999997 3150.0000000000005
decision_type=2 2 2 2 2 2 2 2 2 2
left_child=1 3 6 5 -5 -1 -2 -8 -9 -3
right_child=2 9 -4 4 -6 -7 7 8 -10 -11
leaf_value=0.063455444863505836 0.065394594141340801 -0.056257112880213171 -0.02759817121942797 -0.062875490383525773 0.0072143030095105989 -0.0020278024915617279 0.056457802711969943 -0.029443391531660614 0.046522741610469459 -0.0092294362124631189
leaf_weight=2.8856304362416285 4.1970147714018831 11.420007444918154 2.5836148709058753 2.5286638513207436 3.4670871645212173 1.8349868878722189 3.8368874415755272 3.3976576402783394 3.6241927966475487 1.6547925025224675
leaf_count=21 35 99 17 14 19 12 29 23 31 9
internal_value=-0.00286075 -0.0260888 0.0281568 0.00378928 -0.0220718 0.0374497 0.0381734 0.0266951 0.0091657 -0.0507999
internal_weight=41.4305 23.7912 17.6394 10.7164 5.99575 4.72062 15.0558 10.8587 7.02185 13.0748
internal_count=309 174 135 66 33 33 118 83 54 108
is_linear=0
shrinkage=0.05


Tree=35
num_leaves=10
num_cat=0
split_feature=11 0 39 18 0 29 6 29 38
split_gain=13.4263 3.90309 3.66641 5.66201 3.93108 4.73323 2.56638 1.57321 0.412344
threshold=-0.18900000000000003 0.90160000000000007 1456.8885273113081 224.75000000000003 0.82640000000000013 0.5277777777777779 0.10234463430420958 0.58571428571428574 1568.9424308765376
decision_type=2 2 2 2 2 2 2 2 2
left_child=7 2 6 -4 5 -5 -2 -1 -3
right_child=1 8 3 4 -6 -7 -8 -9 -10
leaf_value=-0.056405519000659515 0.065540699689376244 0.054252324755814277 -0.05664225321929383 -0.0062062181043563416 -0.038208454664321184 0.062421993452611763 0.0018803089839474413 -0.011878917708891646 0.016366300231507029
leaf_weight=8.7730943337082845 3.6262411996722284 6.0914725959300986 4.0543868988752392 5.10606901347637 2.9924662411212912 4.604568175971508 3.0541131570935249 3.0315657034516326 1.3983534276485441
leaf_count=85 25 67 20 26 17 25 18 25 14
internal_value=-0.00033221 0.0168708 0.00650176 -0.00576086 0.0104037 0.0261307 0.0376309 -0.0455864 0.0481466
internal_weight=42.7323 30.9277 23.4378 16.7575 12.7031 9.71064 6.68035 11.8047 7.48983
internal_count=322 212 131 88 68 51 43 110 81
is_linear=0
shrinkage=0.05


Tree=36
num_leaves=11
num_cat=0
split_feature=11 0 31 18 18 23 33 4 2 38
split_gain=12.6216 4.41446 3.69381 5.90814 4.92275 3.50579 3.08582 1.61742 1.43528 0.411836
threshold=-0.36134999999999995 0.90160000000000007 0.28991596638655465 224.75000000000003 238.75000000000003 1.9720486111111113 0.63333333333333341 0.067900000000000002 0.58630000000000015 1568.9424308765376
decision_type=2 2 2 2 2 2 2 2 2 2
left_child=-1 2 8 -4 5 7 -6 -5 -2 -3
right_child=1 9 3 4 6 -7 -8 -9 -10 -11
leaf_value=-0.055640953513968854 0.0091584940273001826 0.053873487854352246 -0.059471150287262159 -0.020860745050658089 -0.061654808616242909 0.068409887231014863 0.0064174540507008692 0.028307600660497031 0.060257083165815031 0.015790074631542892
leaf_weight=8.2068436220288259 2.8796114847064045 5.8347906917333594 4.117278270423415 2.8683426082134265 3.1405056044459334 3.5027893781661987 3.1470772475004196 3.6091663017868996 3.2029080092906952 1.3810134232044218
leaf_count=84 16 67 23 17 18 22 16 23 22 14
internal_value=-0.000309456 0.0131486 0.00342873 -0.00660083 0.00675637 0.0287236 -0.0272333 0.00578878 0.0374139 0.0475837
internal_weight=41.8903 33.6835 26.4677 20.3852 16.2679 9.9803 6.28758 6.47751 6.08252 7.2158
internal_count=322 238 157 119 96 62 34 40 38 81
is_linear=0
shrinkage=0.05


Tree=37
num_leaves=12
num_cat=0
split_feature=11 0 5 34 18 18 29 3 0 40 0
split_gain=11.8749 4.19458 3.4337 4.02954 2.794 3.61051 1.62287 2.6622 1.72784 0.555045 0.0581931
threshold=-0.36134999999999995 0.90160000000000007 0.18347369849888209 0.30952380952380959 246.75000000000003 224.75000000000003 0.5277777777777779 0.45365000000000005 0.82150000000000012 148.17723248899452 0.6644500000000001
decision_type=2 2 2 2 2 2 2 2 2 2 2
left_child=-1 2 4 -4 5 -2 7 -7 -8 -3 -5
right_child=1 9 3 10 -6 6 8 -9 -10 -11 -12
leaf_value=-0.055228494110792385 -0.012521623709449307 0.053731909100240574 0.023482468379803209 -0.037463759220764226 -0.029855618381560495 0.057671990597880557 0.075740672004098036 -0.010910751049152116 0.014510422365624807 0.0098368421667326122 -0.06561762887709284
leaf_weight=7.8641467094421378 4.8658972978592017 5.738753803074359 2.4683557227253905 2.2952017113566399 2.8384978249669066 2.2516922354698163 3.909626878798008 3.2693056687712669 2.0096351653337479 1.2133826464414594 2.2899175882339478
leaf_count=84 27 68 13 18 14 17 22 17 16 13 13
internal_value=-0.000272086 0.0127416 0.00330876 -0.0260353 0.0144589 0.0226127 0.0379687 0.016699 0.0563696 0.0470279 -0.0536921
internal_weight=41.0144 33.1503 26.1981 7.05348 19.1447 16.3062 11.4403 5.521 5.91926 6.95214 4.58512
internal_count=322 238 157 44 113 99 72 34 38 81 31
is_linear=0
shrinkage=0.05


Tree=38
num_leaves=12
num_cat=0
split_feature=11 0 5 34 18 18 44 3 11 41 0
split_gain=11.1708 3.98713 3.15606 3.76534 2.55781 3.35156 1.47405 2.04357 1.03436 0.549209 0.0495189
threshold=-0.36134999999999995 0.90160000000000007 0.18347369849888209 0.30952380952380959 246.75000000000003 224.75000000000003 0.6714285714285716 0.45365000000000005 0.51510000000000011 0.70118819121864362 0.6644500000000001
decision_type=2 2 2 2 2 2 2 2 2 2 2
left_child=-1 2 4 -4 5 -2 7 8 -7 -3 -5
right_child=1 9 3 10 -6 6 -8 -9 -10 -11 -12
leaf_value=-0.054834410774123057 -0.011897008996996949 0.053374068185153271 0.022166868742146212 -0.03649776786777386 -0.028408961655733977 0.062133710979326739 0.060505630159279858 -0.011986804801253706 0.0086077355814776751 0.009451626933665724 -0.064322353589833667
leaf_weight=7.5337113663554183 4.8704278320074179 5.4952001273632041 2.4894837141036978 2.2421615570783615 2.8389661312103263 2.5728259459137899 4.2466259449720383 2.6309976130723953 1.782287150621414 1.2040137127041814 2.2229447588324547
leaf_count=84 27 68 13 18 14 16 27 14 15 13 13
internal_value=-0.000254006 0.0123371 0.00316993 -0.025161 0.0139117 0.0218106 0.0368432 0.0211031 0.0420359 0.0464706 -0.052551
internal_weight=40.1296 32.5959 25.8967 6.95459 18.9421 16.1032 11.2327 6.98611 4.35511 6.69921 4.46511
internal_count=322 238 157 44 113 99 72 45 31 81 31
is_linear=0
shrinkage=0.05


Tree=39
num_leaves=11
num_cat=0
split_feature=11 11 17 11 18 23 2 37 11 31
split_gain=10.5112 3.59352 3.09005 3.51156 2.83324 3.05615 2.29455 2.09612 0.711576 0.518405
threshold=-0.36134999999999995 0.57560000000000011 -9.7499999999999982 0.27106763236763243 226.25000000000003 0.94895833333333346 0.4157333333333334 0.072222222222222202 0.43753984962406017 0.72077922077922085
decision_type=2 2 2 2 2 2 2 2 2 2
left_child=-1 2 -2 4 -4 -6 -7 -8 -5 -3
right_child=1 9 3 8 5 6 7 -9 -10 -11
leaf_value=-0.054457189097717795 -0.042125864548709993 0.053503160128306797 -0.038792441180879579 0.057199190757547362 -0.038724739384564714 0.063095597502257739 -0.013076534136860702 0.036791753825745378 0.015510330469802245 0.010570156832015636
leaf_weight=7.2153498083353034 3.1151272431015995 4.9301983639597884 3.8029480502009454 3.6758629605174056 2.4794672280549994 2.4670408219099036 4.7309010922908765 3.5441447570919991 2.0630818456411362 1.241884149610996
leaf_count=84 16 58 23 33 15 13 28 20 18 14
internal_value=-0.000238623 0.0119431 0.00348997 0.010108 -0.00107577 0.0096072 0.0214785 0.00786898 0.0435912 0.0459681
internal_weight=39.266 32.0507 25.8786 22.7634 17.0245 13.2216 10.7421 8.27505 5.73894 6.17208
internal_count=322 238 166 150 99 76 61 48 51 72
is_linear=0
shrinkage=0.05


Tree=40
num_leaves=11
num_cat=0
split_feature=5 11 27 5 27 11 20 44 38 33
split_gain=10.6271 3.46226 4.54602 3.97283 2.37282 3.29985 1.29377 0.722951 0.736715 2.20654
threshold=0.18347369849888209 0.23599199134199134 0.042013888888889024 0.063179397272632651 0.0010416666666666077 -0.18900000000000003 1.9150000000000003 0.54000000000000015 1523.7137353310377 0.69047619047619058
decision_type=2 2 2 2 2 2 2 2 2 2
left_child=1 2 3 -1 -2 -6 -4 -3 -9 -10
right_child=4 7 6 -5 5 -7 -8 8 9 -11
leaf_value=-0.0010356197837131965 -0.057239992826586199 0.012864285027327317 -0.056415855391718395 0.070583688229851796 -0.051882553369781849 0.020852503710871769 -0.0068149013681701376 0.056636568078364452 -0.011954395035090548 0.054800163566722321
leaf_weight=4.8889512345194834 6.511525344103573 3.0817408710718146 2.7669542543590069 2.9654369950294495 2.766315683722496 3.221757672727108 2.9709504246711731 5.6806721389293653 1.9745620712637899 2.7156971953809261
leaf_count=28 58 27 19 19 33 18 19 60 19 26
internal_value=0.00147495 0.0192066 0.000988388 0.0259232 -0.0363415 -0.012228 -0.0321468 0.0371018 0.0436349 0.0259904
internal_weight=39.5446 27.045 13.5923 7.85439 12.4996 5.98807 5.7379 13.4527 10.3709 4.69026
internal_count=326 217 85 47 109 51 38 132 105 45
is_linear=0
shrinkage=0.05


Tree=41
num_leaves=14
num_cat=0
split_feature=5 10 18 5 1 19 35 5 6 6 18 39 10
split_gain=9.83371 2.89682 2.18216 3.30732 3.1069 2.20656 1.78981 2.94514 1.27604 1.44948 0.932575 0.253018 0.608365
threshold=0.18347369849888209 8.2250000000000014 243.25000000000003 0.075550000000000048 0.49325000000000008 14.250000000000002 -4.0499999999999989 0.34970000000000001 0.17859858049303984 0.020674153553514551 237.75000000000003 1508.7847682071413 7.7500000000000009
decision_type=2 2 2 2 2 2 2 2 2 2 2 2 2
left_child=1 2 3 4 8 -4 7 -2 9 -1 -3 -8 -13
right_child=6 10 5 -5 -6 -7 11 -9 -10 -11 -12 12 -14
leaf_value=0.014263671648265067 -0.045606187672656721 -0.051553777504178035 -0.034690583495447791 0.072351882192582762 -0.01607804537567939 0.026379042452813396 -0.0603231734750653 0.03669544417290576 -0.0025927389064611976 0.060043677050422566 0.00017592074189933069 -0.0068839020651391102 -0.051438238250311144
leaf_weight=3.2071086019277661 2.2599458843469611 1.5842105299234384 2.6823931224644175 4.131149895489215 3.901521820574998 3.0348203890025616 4.1829733997583372 1.8800043202936647 1.5856734067201603 5.093294832855463 1.4171667806804178 1.6199976131320002 2.2468029707670212
leaf_count=28 20 17 17 28 29 23 38 12 9 53 13 12 27
internal_value=0.00141653 0.018552 0.0245447 0.0331 0.0205427 -0.00151779 -0.0354678 -0.00706871 0.035512 0.0433308 -0.0262982 -0.0491938 -0.0346767
internal_weight=38.8271 26.6373 23.636 17.9187 13.7876 5.71721 12.1897 4.13995 9.88608 8.3004 3.00138 8.04977 3.8668
internal_count=326 217 187 147 119 40 109 32 90 81 30 77 39
is_linear=0
shrinkage=0.05


Tree=42
num_leaves=12
num_cat=0
split_feature=5 11 27 5 27 11 6 44 38 33 18
split_gain=9.11233 3.16106 4.13022 3.44115 2.21362 3.05758 0.910796 0.693088 0.755335 2.11274 0.00437362
threshold=0.18347369849888209 0.23599199134199134 0.042013888888889024 0.063179397272632651 0.0010416666666666077 -0.18900000000000003 0.033142538388982887 0.54000000000000015 1523.7137353310377 0.69047619047619058 229.75000000000003
decision_type=2 2 2 2 2 2 2 2 2 2 2
left_child=1 2 3 -1 10 -6 -4 -3 -9 -10 -2
right_child=4 7 6 -5 5 -7 -8 8 9 -11 -12
leaf_value=-0.00065423039385605194 -0.036290490034942322 0.011686224278951132 -0.052308372733291669 0.066251490323959356 -0.051187301728021856 0.020172033903405103 -0.0093872901080900486 0.05583722157937894 -0.012592840218208027 0.05386572391705783 -0.061602116892065399
leaf_weight=4.8656741976737994 1.8251354396343211 3.007727548480033 2.6980117708444595 2.9267003387212753 2.5771867856383324 3.2162228301167488 2.9262693375349045 5.3104220330715162 1.9522503390908239 2.5364791788160801 4.2935372292995453
leaf_count=28 20 27 21 19 33 18 17 60 19 26 38
internal_value=0.00134537 0.0179345 0.000555374 0.0243621 -0.0346034 -0.0110535 -0.0314045 0.0356084 0.0422536 0.0242272 -0.0555609
internal_weight=38.1356 26.2235 13.4167 7.79237 11.9121 5.79341 5.62428 12.8069 9.79915 4.48873 6.11867
internal_count=326 217 85 47 109 51 38 132 105 45 58
is_linear=0
shrinkage=0.05


Tree=43
num_leaves=13
num_cat=0
split_feature=5 11 44 7 10 11 27 11 19 44 0 41
split_gain=8.44231 2.98272 3.91527 3.31379 2.7516 4.38566 2.10558 2.87487 0.708407 2.0458 3.11361 0.687241
threshold=0.18347369849888209 0.23599199134199134 0.59714285714285731 1.0597500000000004 4.2500000000000009 -0.36134999999999995 0.0010416666666666077 -0.18900000000000003 3.7500000000000004 0.72285714285714298 0.90160000000000007 0.64917744822730439
decision_type=2 2 2 2 2 2 2 2 2 2 2 2
left_child=1 2 3 -1 -4 -6 -2 -8 11 10 -10 -3
right_child=6 8 4 -5 5 -7 7 -9 9 -11 -12 -13
leaf_value=0.069875489276383096 -0.054638096865387432 0.055691957993336705 -0.054271288886287995 -0.0044133898275671027 -0.050332470656422837 0.050057862418933889 -0.050783988305933142 0.019127231377855342 -0.042091745990368995 0.054018439705943194 0.047853350888878952 0.0068555960932697654
leaf_weight=2.801077179610731 5.926083602011202 5.001269441097973 3.5182517915964127 2.8452697321772575 1.8572261445224283 2.3268575668334961 2.4712493494153023 3.2274747043848038 2.1099032461643223 2.622251134365797 1.594918258488178 1.1569390557706354
leaf_count=15 58 52 17 15 23 15 33 18 12 29 24 15
internal_value=0.00127774 0.01732 0.000469909 0.0321449 -0.0222236 0.00419489 -0.0337905 -0.0106804 0.0347912 0.0210268 -0.00181642 0.0475722
internal_weight=37.4588 25.834 13.3487 5.64635 7.70234 4.18408 11.6248 5.69872 12.4853 6.32707 3.70482 6.15821
internal_count=326 217 85 30 55 38 109 51 132 65 36 67
is_linear=0
shrinkage=0.05


Tree=44
num_leaves=14
num_cat=0
split_feature=5 11 44 7 1 11 27 39 44 22 6 3 22
split_gain=7.82569 2.82213 3.5593 2.99285 2.50079 4.06437 1.99773 2.99293 0.704771 0.684211 1.21672 0.340733 0.0934003
threshold=0.18347369849888209 0.23599199134199134 0.59714285714285731 1.0597500000000004 0.61990000000000012 -0.36134999999999995 0.0010416666666666077 1460.14895881699 0.72285714285714298 234.75000000000003 0.021978485171033669 0.5324000000000001 225.25000000000003
decision_type=2 2 2 2 2 2 2 2 2 2 2 2 2
left_child=1 2 3 -1 -4 -6 12 -8 -9 10 -3 -12 -2
right_child=6 9 4 -5 5 -7 7 8 -10 -11 11 -13 -14
leaf_value=0.066264239218383023 -0.031060095692691071 0.0023653521164170707 -0.052085944971629383 -0.00420009737385715 -0.049864899803935499 0.047925885987256479 0.04116756163810309 -0.049965203767402232 -0.00044667886353872544 0.010121075170450321 0.055488187202857864 0.017120443034489147 -0.060329887145673479
leaf_weight=2.8112116381526011 1.6027389019727687 1.9089294783771018 3.4875553399324417 2.8453487381339073 1.7837108485400675 2.3136407136917114 1.749815374612808 2.5902944691479211 1.2673281319439409 2.9112704135477534 6.1172541826963425 1.2086436264216898 4.1339962892234325
leaf_count=15 19 22 17 15 23 15 10 29 12 28 69 13 39
internal_value=0.00124449 0.0167941 0.000406408 0.0304936 -0.0214858 0.00398938 -0.0329603 -0.0103163 -0.0353828 0.0341021 0.0409371 0.0501473 -0.0536813
internal_weight=36.7317 25.3876 13.2415 5.65656 7.58491 4.09735 11.3442 5.60744 3.85762 12.1461 9.23483 7.3259 5.73674
internal_count=326 217 85 30 55 38 109 51 41 132 104 82 58
is_linear=0
shrinkage=0.05


Tree=45
num_leaves=13
num_cat=0
split_feature=11 6 1 4 5 6 11 24 0 17 40 39
split_gain=5.99701 4.61485 6.63122 5.02162 2.76141 1.82229 3.2464 3.16165 2.54854 2.07113 0.66132 0.627921
threshold=0.55385000000000018 0.64443168167099529 0.31030000000000008 0.33160000000000006 0.0049500000000000039 0.041560898037294867 -0.18900000000000003 1.9704861111111114 0.64630000000000021 -5.7499999999999991 148.17723248899452 1506.8234718516367
decision_type=2 2 2 2 2 2 2 2 2 2 2 2
left_child=1 2 -1 4 -4 7 -7 11 -8 -10 -2 -6
right_child=10 -3 3 -5 5 6 8 -9 9 -11 -12 -13
leaf_value=0.077308869926419443 0.052423557353258612 -0.07279915738525107 0.035641977376839891 0.053659611601878668 -0.083374482651161985 -0.052178159638186332 0.044543961848969846 -0.0044093237833343494 0.012230977865456356 -0.040245927497072335 0.0031131489627167666 -0.036860704145454386
leaf_weight=2.1820938512682977 4.7672919966280451 2.6106502674520007 1.9766747131943763 2.5379552356898776 3.0677641741931456 3.5363308005035021 2.6044223308563108 3.5733010843396187 3.7774014025926679 3.4043233171105296 1.0622263662517069 1.9262275658547876
leaf_count=13 68 22 13 29 19 47 13 27 21 20 13 21
internal_value=-0.00146625 -0.0103273 -0.00421393 -0.011406 -0.0187287 -0.0240056 -0.0117625 -0.0421118 0.00271646 -0.0121689 0.0444857 -0.0674911
internal_weight=37.0267 31.1971 28.5865 26.4044 23.8664 21.8898 13.3225 8.56729 9.78615 7.18172 5.82952 4.99399
internal_count=326 245 223 210 181 168 101 67 54 41 81 40
is_linear=0
shrinkage=0.05


Tree=46
num_leaves=13
num_cat=0
split_feature=11 6 1 4 5 1 5 1 1 39 4 31
split_gain=5.6173 4.33666 6.15456 4.68401 2.5334 1.80846 3.3692 2.23242 2.77177 2.28554 1.54948 0.681137
threshold=0.55385000000000018 0.64443168167099529 0.31030000000000008 0.33160000000000006 0.0049500000000000039 0.86415000000000008 0.31210000000000004 0.61990000000000012 0.72095000000000009 1502.9243774159152 0.09530000000000001 0.72077922077922085
decision_type=2 2 2 2 2 2 2 2 2 2 2 2
left_child=1 2 -1 4 -4 6 7 9 -9 -6 -10 -2
right_child=11 -3 3 -5 5 -7 -8 8 10 -11 -12 -13
leaf_value=0.075470558791289416 0.052184592285911748 -0.071538168293837814 0.034161408213770228 0.053139237109789433 -0.064321928872218201 -0.052722022899758705 0.031149549937178379 0.045236577279261656 -0.052434397281465997 -0.010617184838712901 0.0089073189428306998 0.0019215145382783872
leaf_weight=2.1273146420717302 4.5793989077210417 2.5277085229754439 1.9638947248458922 2.4381772205233565 4.8398558497428947 4.2043958865106097 3.0183457508683196 1.9708655476570118 2.2405529581010346 3.809164360165596 1.5790463760495184 1.0425548925995825
leaf_count=13 67 22 13 29 24 60 16 11 25 22 10 14
internal_value=-0.00140643 -0.00998205 -0.00405274 -0.010998 -0.0180237 -0.0231198 -0.0154462 -0.0256774 -0.00069448 -0.0416327 -0.0262194 0.0439339
internal_weight=36.3413 30.7193 28.1916 26.0643 23.6261 21.6622 17.4578 14.4395 5.79046 8.64902 3.8196 5.62195
internal_count=326 245 223 210 181 168 108 92 46 46 35 81
is_linear=0
shrinkage=0.05


Tree=47
num_leaves=12
num_cat=0
split_feature=11 6 1 4 1 14 23 39 41 6 25
split_gain=5.25876 4.0786 5.71459 4.37146 2.41329 2.42086 2.88297 2.54701 3.33762 0.729662 0.697997
threshold=0.55385000000000018 0.64443168167099529 0.31030000000000008 0.33160000000000006 0.86415000000000008 10.750000000000002 1.076041666666667 1502.083269181174 0.51234463105796402 0.044028819975296042 1.0000000180025095e-35
decision_type=2 2 2 2 2 2 2 2 2 2 2
left_child=1 2 -1 4 5 6 -4 9 -9 -8 -2
right_child=10 -3 3 -5 -6 -7 7 8 -10 -11 -12
leaf_value=0.073732969605134743 0.052022087194457813 -0.070323820949211482 0.020367973660061586 0.05263285605632937 -0.052372498397759731 0.030511675847165909 -0.070071316549882551 -0.04853549160796955 0.02188183887435792 -0.0287598675592338 0.0011314226520666272
leaf_weight=2.0723321065306726 4.3848205544054499 2.4465808048844329 3.6842923685908451 2.3419548794627181 4.0260144993662825 2.9927634075283995 3.1824032142758352 2.7469152957201004 3.9382103644311428 2.7590356394648552 1.038424704223871
leaf_count=13 65 22 27 29 60 16 18 19 25 16 16
internal_value=-0.00132931 -0.00964238 -0.0038783 -0.0105993 -0.0173578 -0.00956507 -0.0173643 -0.0288405 -0.00660459 -0.0525087 0.0433799
internal_weight=35.6137 30.1905 27.7439 25.6716 23.3296 19.3036 16.3109 12.6266 6.68513 5.94144 5.42325
internal_count=326 245 223 210 181 121 105 78 44 34 81
is_linear=0
shrinkage=0.05


Tree=48
num_leaves=12
num_cat=0
split_feature=11 6 1 4 1 14 5 19 18 4 42
split_gain=4.9252 3.8358 5.31158 4.08228 2.33796 2.19756 2.35671 1.54994 1.86169 1.92081 0.789694
threshold=0.55385000000000018 0.64443168167099529 0.31030000000000008 0.33160000000000006 0.86415000000000008 10.750000000000002 0.0059000000000000172 1.0000000180025095e-35 239.75000000000003 0.091447293863770887 0.75000000000000011
decision_type=2 2 2 2 2 2 2 2 2 2 2
left_child=1 2 -1 4 5 6 -4 -8 9 -9 -2
right_child=10 -3 3 -5 -6 -7 7 8 -10 -11 -12
leaf_value=0.072087966214350194 0.051723074798077244 -0.06915330701011925 0.027352874601973578 0.052139078334461464 -0.05203160092581112 0.028860221986921081 -0.061268809001543391 -0.020812839897921268 -0.043012709308856832 0.03105333050890385 0
leaf_weight=2.017323747277266 4.2932459414005271 2.3673032559454432 2.3961106613278522 2.2492255195975295 3.8547615744173518 3.0110521242022505 2.4047392494976512 4.5777505002915841 4.0440393164753914 2.7796863541007042 0.94043460115790356
leaf_count=13 67 22 15 29 60 16 15 29 26 20 14
internal_value=-0.00126942 -0.00932339 -0.00372642 -0.010224 -0.0167192 -0.00914292 -0.0166459 -0.0247833 -0.0161875 -0.000393355 0.0428185
internal_weight=34.9357 29.702 27.3347 25.3174 23.0681 19.2134 16.2023 13.8062 11.4015 7.35744 5.23368
internal_count=326 245 223 210 181 121 105 90 75 49 81
is_linear=0
shrinkage=0.05


Tree=49
num_leaves=13
num_cat=0
split_feature=11 1 4 27 44 13 3 40 18 4 1 42
split_gain=4.60824 3.16232 2.29689 2.19539 2.38773 3.52319 2.60964 1.95609 1.53216 1.24142 1.0618 0.774233
threshold=0.55385000000000018 0.86415000000000008 0.32206539729192102 0.1059027777777778 0.55142857142857149 -1.0000000180025095e-35 0.48245000000000005 50.110960481349828 235.25000000000003 0.17269999999999999 0.43420000000000009 0.75000000000000011
decision_type=2 2 2 2 2 2 2 2 2 2 2 2
left_child=1 2 3 4 5 -1 7 -6 -5 -8 -9 -2
right_child=11 -3 -4 8 6 -7 9 10 -10 -11 -12 -13
leaf_value=-0.075673628388456038 0.051420435317706875 -0.051698403064841171 0.041635018838898225 -0.063225577222371876 0.074219481906189044 0.0065078944412362812 -0.035314783598826838 0.040229699002761604 -0.0081890764477108094 0.013594729819189673 -0.0022021156870328214 0
leaf_weight=2.1018855944275856 4.1078668460249892 3.6904287487268439 2.5182746835052958 2.516836203634738 1.9264572486281375 2.9252897873520984 2.9360995925962925 2.2896709963679314 2.9857833720743656 2.0084262490272522 3.3010037839412689 0.94043460115790356
leaf_count=11 67 60 31 17 10 25 25 17 20 11 18 14
internal_value=-0.0012109 -0.00901398 -0.00246594 -0.00767227 0.000770763 -0.0276832 0.0127764 0.0313831 -0.0349338 -0.0145813 0.0146988 0.0422505
internal_weight=34.2485 29.2002 25.5097 22.9915 17.4888 5.02718 12.4617 7.51713 5.50262 4.94453 5.59067 5.0483
internal_count=326 245 185 154 117 36 81 45 37 36 35 81
is_linear=0
shrinkage=0.05


Tree=50
num_leaves=12
num_cat=0
split_feature=1 6 1 19 44 18 18 1 23 19 31
split_gain=4.5037 4.66117 2.95998 3.3991 1.52409 2.00448 3.3767 1.74866 1.27276 1.19503 0.885775
threshold=0.86415000000000008 0.64443168167099529 0.29965000000000003 1.0000000180025095e-35 0.54571428571428582 226.25000000000003 238.25000000000003 0.49325000000000008 0.99270833333333341 14.250000000000002 0.67333333333333345
decision_type=2 2 2 2 2 2 2 2 2 2 2
left_child=1 2 10 -4 -5 -6 8 -8 -7 -9 -1
right_child=-2 -3 3 4 5 6 7 9 -10 -11 -12
leaf_value=0.057673355338208901 -0.05142658432367371 -0.06507838033074391 -0.039584913648687936 -0.024002900886450781 -0.01303479417229462 0.0086275069945043002 0.04413777629165723 -0.04078528349425372 0.063542277927448973 0.0081092063251500014 0.00021598112358285249
leaf_weight=4.0632276087999406 3.5120274499058715 1.928695324808358 3.4430007860064533 2.1770076155662563 3.585117973387244 1.6278801336884479 1.6221912130713461 2.2094271816313267 5.3233543746173382 2.380974180996418 1.0111195743083952
leaf_count=54 59 22 26 15 28 14 13 15 41 16 14
internal_value=0.00109421 0.00769699 0.0132108 0.00505241 0.013601 0.0188989 0.0280056 0.000307604 0.0516959 -0.0147262 0.0474161
internal_weight=32.884 29.372 27.4433 22.369 18.926 16.7489 13.1638 6.21259 6.95123 4.5904 5.07435
internal_count=317 258 236 168 142 127 99 44 55 31 68
is_linear=0
shrinkage=0.05


Tree=51
num_leaves=12
num_cat=0
split_feature=4 11 7 15 7 19 5 15 22 38 0
split_gain=4.59821 3.59008 2.37445 2.18411 3.91115 2.88222 1.2358 0.857095 0.74212 0.716819 0.562567
threshold=0.29515000000000002 0.53315000000000012 1.0580500000000004 1.9350000000000003 1.0597500000000004 7.2500000000000009 0.11800000000000006 1.9150000000000003 232.25000000000003 1564.2322552747935 0.68415000000000015
decision_type=2 2 2 2 2 2 2 2 2 2 2
left_child=1 2 7 -4 5 -5 -6 -1 -8 -3 -9
right_child=-2 9 3 4 6 -7 8 10 -10 -11 -12
leaf_value=-0.0054704838713895108 0.054444686265009583 0.050426192081618686 -0.034763149003462716 0.063382236765084421 0.0063424470794976491 -0.0049853901820516603 -0.049784520651375792 -0.059630774770480767 -0.0038783467378128581 0 -0.020373186492322962
leaf_weight=2.1006316691637101 3.5013314820826045 2.9196559712290759 3.887994501739743 3.772393409162758 3.051186814904213 2.3264839202165604 2.6716233231127262 3.3840613067150116 1.6865583360195158 0.91390148177742947 2.0789157934486866
leaf_count=22 45 51 28 28 18 14 28 44 12 13 14
internal_value=0.00104441 -0.00544207 -0.0125462 -0.00201288 0.00723219 0.0368363 -0.0166361 -0.0357778 -0.0336265 0.0386839 -0.046225
internal_weight=32.2947 28.7934 24.9598 17.3962 13.5082 6.09888 7.40937 7.56361 4.35818 3.83356 5.46298
internal_count=317 272 208 128 100 42 58 80 40 64 58
is_linear=0
shrinkage=0.05


Tree=52
num_leaves=11
num_cat=0
split_feature=1 6 1 19 44 18 18 33 23 44
split_gain=4.094 4.20345 2.71871 3.00107 1.3845 1.76096 3.02684 1.49063 1.11645 0.962748
threshold=0.86415000000000008 0.64443168167099529 0.29965000000000003 1.0000000180025095e-35 0.54571428571428582 226.25000000000003 238.25000000000003 0.46428571428571436 0.99270833333333341 0.76857142857142868
decision_type=2 2 2 2 2 2 2 2 2 2
left_child=1 2 9 -4 -5 -6 8 -8 -7 -1
right_child=-2 -3 3 4 5 6 7 -9 -10 -11
leaf_value=0.057308421417256922 -0.05093963263938639 -0.063574211311831996 -0.037517620120469053 -0.022990014799615641 -0.012059857302870916 0.008471806622919369 -0.028695849261728253 0.020974596849786416 0.060824780519913892 0
leaf_weight=3.8343573175370791 3.2732265181839457 1.8320175521075714 3.3830401599407223 2.1607173942029503 3.5186301656067398 1.5967080444097499 2.4254070930182934 3.6442371197044849 5.1635943129658699 0.94556815922260273
leaf_count=52 59 22 26 15 28 14 20 24 41 16
internal_value=0.000977717 0.00727157 0.0125438 0.00474287 0.0128958 0.0180536 0.0267284 0.000172646 0.0494922 0.0464183
internal_weight=31.7775 28.5043 26.6723 21.8923 18.5093 16.3486 12.8299 6.06964 6.7603 4.77993
internal_count=317 258 236 168 142 127 99 44 55 68
is_linear=0
shrinkage=0.05


Tree=53
num_leaves=13
num_cat=0
split_feature=1 6 21 19 29 22 6 0 5 1 40 22
split_gain=3.85548 3.92802 2.59095 3.03081 3.97739 2.24674 1.67744 1.52086 1.40669 1.14441 1.30009 0.197187
threshold=0.86415000000000008 0.64443168167099529 1.9150000000000003 3.2500000000000004 0.58571428571428574 221.00000000000003 0.067859574166942743 0.74160000000000015 0.12635000000000002 0.35310000000000002 50.110960481349828 227.25000000000003
decision_type=2 2 2 2 2 2 2 2 2 2 2 2
left_child=1 2 6 5 7 -4 9 -5 -7 -1 -11 -6
right_child=-2 -3 3 4 11 8 -8 -9 -10 10 -12 -13
leaf_value=0.050794907529285921 -0.05062203434755852 -0.062701801941615593 -0.069845038719673291 -0.030197910449006621 0.034559916377638472 0.023905277118031747 0.06604291733395877 0.023771706509537568 -0.027917478976477134 0.025374422796391096 -0.021885804331566158 0.071945841429052707
leaf_weight=1.950789391994485 3.1332446075975886 1.7676607519388188 1.9185675941407705 3.2422797679901105 1.7143235579133036 2.0625218711793423 2.6276181899011135 1.9657259155064819 3.0774933025240898 3.4919370412826538 2.2735230773687363 2.0267504192888737
leaf_count=26 59 22 13 21 19 29 26 27 21 29 13 12
internal_value=0.000912787 0.0069914 0.0120748 -0.000255106 0.0186637 -0.0248651 0.0314545 -0.0088214 -0.00610913 0.0183421 0.00583021 0.0574615
internal_weight=31.2524 28.1192 26.3515 16.0077 8.94908 7.05858 10.3439 5.20801 5.14002 7.71625 5.76546 3.74107
internal_count=317 258 236 142 79 63 94 48 50 68 42 31
is_linear=0
shrinkage=0.05


Tree=54
num_leaves=11
num_cat=0
split_feature=4 10 18 1 44 1 37 35 33 5
split_gain=4.14293 3.02908 2.20631 1.99816 1.90004 2.82718 2.46111 1.7975 1.1575 1.03717
threshold=0.29515000000000002 -5.2499999999999991 225.25000000000003 0.86415000000000008 0.56857142857142862 0.49325000000000008 0.072222222222222202 1.0000000180025095e-35 0.46428571428571436 0.068315118776813052
decision_type=2 2 2 2 2 2 2 2 2 2
left_child=1 2 -1 4 7 -6 8 9 -7 -3
right_child=-2 3 -4 -5 5 6 -8 -9 -10 -11
leaf_value=-0.028680554262943483 0.053797905119822215 -0.034053144841666647 0.051636290056823166 -0.050308674987633077 0.044643888569418505 -0.048886606109645903 0.022281647252583251 -0.060179846398304718 -0.0059475248718959782 0.017533927993394392
leaf_weight=0.97570154815912857 3.2194442786276332 1.6492777168750827 3.3688653688877821 2.9991398155689231 3.1415777318179599 3.1243357770144922 3.8862073644995689 2.6267710328102112 3.7193950898945332 2.005714163184166
leaf_count=13 45 11 55 59 25 24 21 15 25 24
internal_value=0.000888573 -0.00529755 0.0322343 -0.0126638 -0.00659402 0.00344938 -0.00845097 -0.0292621 -0.0266921 -0.0046996
internal_weight=30.7164 27.497 4.34457 23.1524 20.1533 13.8715 10.7299 6.28176 6.84373 3.65499
internal_count=317 272 68 204 145 95 70 50 49 35
is_linear=0
shrinkage=0.05


Tree=55
num_leaves=12
num_cat=0
split_feature=1 4 44 38 22 22 20 18 15 19 44
split_gain=4.9927 4.02709 1.86593 1.53944 3.63251 3.1258 1.56013 0.903467 0.793275 0.704711 0.665743
threshold=0.81700000000000006 0.14035 0.54571428571428582 1498.6416134674002 229.25000000000003 229.25000000000003 1.925 223.75000000000003 1.9450000000000001 1.2500000000000002 0.6428571428571429
decision_type=2 2 2 2 2 2 2 2 2 2 2
left_child=1 3 -3 5 7 6 -1 -5 -4 -7 -6
right_child=-2 2 8 4 10 9 -8 -9 -10 -11 -12
leaf_value=0.0062719054238002288 -0.050991314151086591 -0.0064410348525200918 0.011238829429227186 -0.080816030715376935 -0.010499107834031816 -0.04726090827919207 0.070707850570073713 -0.030496354473844585 0.058347377947780756 -0.0019067588636086962 0.029806674754354757
leaf_weight=2.2987624853849509 4.7033573631197205 1.933366797864436 1.532281771302223 1.8769082129001597 1.5500166416168215 1.8030562587082388 1.7858785688877103 2.9451388642191887 4.4686493407934904 2.0215427577495575 2.1818540953099728
leaf_count=25 85 22 14 12 8 15 10 25 57 18 22
internal_value=-0.00430289 0.00466504 0.033832 -0.00920929 -0.023913 0.0061686 0.0366558 -0.0523423 0.0475196 -0.0252218 0.0119239
internal_weight=29.1008 24.3975 7.9343 16.4632 8.55392 7.90924 4.08464 4.82205 6.00093 3.8246 3.73187
internal_count=313 228 93 135 67 68 35 37 71 33 30
is_linear=0
shrinkage=0.05


Tree=56
num_leaves=12
num_cat=0
split_feature=10 4 29 22 39 22 22 35 35 4 18
split_gain=4.96245 2.70584 2.84989 2.85702 1.8844 1.55671 1.44298 1.33917 0.76082 0.575455 0.205288
threshold=8.2250000000000014 0.10065 0.47222222222222227 230.25000000000003 1410.7074130958827 230.25000000000003 230.75000000000003 2.8166666666666669 1.1500000000000001 0.1586000000000001 226.25000000000003
decision_type=2 2 2 2 2 2 2 2 2 2 2
left_child=1 2 6 7 -3 10 -1 -4 -7 -2 -6
right_child=9 4 3 -5 5 8 -8 -9 -10 -11 -12
leaf_value=0.039325715136460666 -0.052384710364455259 -0.018327588686516467 -0.079634005419970955 0.011612935885218795 0.023562823182431011 0.027162200569432804 -0.010271786288794535 -0.022549702381734465 -0.025635324168832831 -0.0017861266950446554 0.057265996816699576
leaf_weight=3.2145334891974979 4.8184055220335713 1.7786329500377167 2.2802489027380943 2.5947779156267643 1.3798544742166976 1.3708074018359186 2.3432638049125671 2.5776218920946121 1.1481437366455791 0.87734718248248089 4.2571281101554632
leaf_count=22 91 21 14 19 19 17 18 20 14 8 50
internal_value=-0.00417078 0.00605439 -0.0086484 -0.028948 0.0257019 0.0360151 0.0177189 -0.0514189 0.00112785 -0.0456187 0.050442
internal_weight=28.6408 22.945 13.0104 7.45265 9.93457 8.15593 5.5578 4.85787 2.51895 5.69575 5.63698
internal_count=313 214 93 53 121 100 40 34 31 99 69
is_linear=0
shrinkage=0.05


Tree=57
num_leaves=12
num_cat=0
split_feature=10 4 33 19 39 22 22 9 35 4 18
split_gain=4.66839 2.49987 2.66691 1.89608 1.76372 1.57117 1.49786 1.29268 0.789114 0.565913 0.291585
threshold=8.2250000000000014 0.10065 0.53571428571428581 0.75000000000000011 1410.7074130958827 230.25000000000003 230.25000000000003 238.50000000000003 1.4642857142857146 0.1586000000000001 225.25000000000003
decision_type=2 2 2 2 2 2 2 2 2 2 2
left_child=1 2 3 -1 -3 -4 10 -5 -8 -2 -6
right_child=9 4 5 7 6 -7 8 -9 -10 -11 -12
leaf_value=-0.024556152114469335 -0.052083389964722497 -0.017334191169312931 -0.056930257751164164 0 0.01858913680885713 0 0.026909832140532542 0.049700810263695792 -0.02710291875074973 -0.0017067393240740301 0.056700874384945102
leaf_weight=2.4586975947022491 4.6098226699978104 1.7919158823788146 3.2087412439286709 2.3994705826044083 1.201588027179241 2.0314323678612709 1.400321286171675 2.8143883496522903 1.1100814323872326 0.87691008672118176 4.2496000342071056
leaf_count=18 91 21 23 17 17 14 18 21 13 8 52
internal_value=-0.00405287 0.00581849 -0.00831018 0.00995352 0.0249255 -0.0356735 0.0351541 0.027324 0.000987072 -0.0451016 0.0496869
internal_weight=28.153 22.6662 12.9127 7.67256 9.75351 5.24017 7.96159 5.21386 2.5104 5.48673 5.45119
internal_count=313 214 93 56 121 37 100 38 31 99 69
is_linear=0
shrinkage=0.05


Tree=58
num_leaves=12
num_cat=0
split_feature=10 4 33 19 39 22 22 7 14 4 18
split_gain=4.39236 2.30812 2.43847 1.72586 1.65149 1.45604 1.44092 0.980973 0.724967 0.556428 0.338562
threshold=8.2250000000000014 0.10065 0.53571428571428581 0.75000000000000011 1410.7074130958827 230.25000000000003 230.25000000000003 1.0592500000000002 2.2500000000000004 0.1586000000000001 224.75000000000003
decision_type=2 2 2 2 2 2 2 2 2 2 2
left_child=1 2 3 -1 -3 -4 10 -5 -8 -2 -6
right_child=9 4 5 7 6 -7 8 -9 -10 -11 -12
leaf_value=-0.023452892955554184 -0.051788425405764997 -0.016400353166842959 -0.05499734120819344 0.044296300930953658 0.015320394718377889 0 0.026057984933006619 0 -0.02575095109719544 -0.0016308544355008591 0.056092434282394632
leaf_weight=2.4505571015179211 4.4099012557417145 1.8046096377074698 3.1602107137441635 2.9882913790643215 1.1004832051694391 2.0314323678612709 1.3814086373895409 2.2081353142857552 1.1190865337848661 0.87649274989962567 4.1699359584599733
leaf_count=18 91 21 23 22 15 14 20 16 11 8 54
internal_value=-0.00393189 0.00558957 -0.00796314 0.0094754 0.024172 -0.0342876 0.0343179 0.0260975 0.000849794 -0.0445852 0.0489539
internal_weight=27.7005 22.4142 12.8386 7.64698 9.57552 5.19164 7.77091 5.19643 2.5005 5.28639 5.27042
internal_count=313 214 93 56 121 37 100 38 31 99 69
is_linear=0
shrinkage=0.05


Tree=59
num_leaves=11
num_cat=0
split_feature=1 6 6 18 13 39 32 4 6 40
split_gain=4.23208 3.523 3.94775 3.14349 2.09947 2.09799 2.27285 1.96416 1.75224 0.946388
threshold=0.81700000000000006 0.64443168167099529 0.067399015777441354 225.25000000000003 -5.7499999999999991 1503.630143615949 0.73993558776167478 0.09530000000000001 0.027594091236532111 45.008617588527052
decision_type=2 2 2 2 2 2 2 2 2 2
left_child=1 2 3 8 -5 7 -7 -6 -1 -4
right_child=-2 -3 9 4 5 6 -8 -9 -10 -11
leaf_value=-0.076496539471400005 -0.050209440766147917 -0.062532989485396054 0.063834875226120733 0.049833912589659649 -0.042161176390330998 0.056811747545893368 -0.01276246292751061 0.017257757473954555 -0.0032016389572446357 0.016433441638337029
leaf_weight=1.8133203051984446 4.0820426549762479 1.6993545740842808 3.2771940380334845 2.4547287002205946 3.7233904153108472 2.4059512205421925 1.9749810099601743 1.9719843193888662 1.6990909427404401 2.1482563875615597
leaf_count=14 85 19 33 47 23 18 17 21 18 18
internal_value=-0.0038147 0.00432541 0.0101147 -0.00212876 0.00932282 -0.000447631 0.0247461 -0.0207822 -0.0434952 0.0466078
internal_weight=27.2503 23.1683 21.4689 16.0434 12.531 10.0763 4.38093 5.69537 3.51241 5.42545
internal_count=313 228 209 158 126 79 35 44 32 51
is_linear=0
shrinkage=0.05


Tree=60
num_leaves=14
num_cat=0
split_feature=6 1 18 1 24 44 0 19 39 23 6 6 23
split_gain=3.31497 4.04971 3.79019 2.96582 2.30755 3.11539 2.31492 2.20773 1.79021 1.50974 1.44902 0.785169 0.493252
threshold=0.64443168167099529 0.15275000000000002 224.75000000000003 0.86415000000000008 2.9079861111111116 0.54000000000000015 0.56160000000000021 1.0000000180025095e-35 1410.7074130958827 2.0024305555555562 0.027594091236532111 0.047807631532229694 0.95031828703703713
decision_type=2 2 2 2 2 2 2 2 2 2 2 2 2
left_child=1 -1 10 4 5 -4 -7 -8 -9 12 -3 -12 -10
right_child=-2 2 3 -5 -6 6 7 8 9 -11 11 -13 -14
leaf_value=0.060418565745285903 -0.061306502503935448 -0.074496552780633468 -0.05488993824827141 -0.048104197793915643 0.059363384668242751 -0.02949829568665524 -0.020966821645697051 -0.018739916804502259 0.013721076313221496 0 0.0087337081518906734 -0.041295586459078909 0.060129021687622936
leaf_weight=2.6618537791073384 2.0645597092807284 2.0501999333500889 1.7464467622339785 2.1122277230024329 2.2574040722101918 2.3463175408542147 2.078888686373829 1.2156052533537138 1.046662138774989 1.7951354589313266 1.3265047725290062 1.3942600805312393 5.3628457095474005
leaf_count=31 24 17 14 54 23 24 18 12 12 20 15 18 52
internal_value=-0.00162812 0.00289427 -0.00331385 0.00608822 0.013012 0.00564705 0.0139805 0.0234609 0.0339078 0.0424419 -0.0429956 -0.0156864 0.053646
internal_weight=29.4589 27.3944 24.7325 19.9615 17.8493 15.5919 13.8455 11.4991 9.42025 8.20464 4.77096 2.72076 6.40951
internal_count=334 310 279 229 175 152 138 114 96 84 50 33 64
is_linear=0
shrinkage=0.05


Tree=61
num_leaves=15
num_cat=0
split_feature=6 38 18 0 24 44 5 35 6 7 27 24 7 18
split_gain=3.10959 3.72688 3.39964 2.75387 2.26422 2.72944 2.38849 2.48995 2.21331 1.35158 1.34836 1.8751 0.62163 0.17469
threshold=0.64443168167099529 1376.0267230880972 224.75000000000003 0.90160000000000007 2.2635416666666672 0.54000000000000015 0.17250000000000007 1.5500000000000003 0.033142538388982887 1.0521500000000004 0.010069444444444466 1.8652314814814817 1.0606500000000001 229.25000000000003
decision_type=2 2 2 2 2 2 2 2 2 2 2 2 2 2
left_child=1 -1 9 4 5 -4 7 8 -7 -3 -8 -12 -11 -9
right_child=-2 2 3 -5 -6 6 10 13 -10 12 11 -13 -14 -15
leaf_value=0.061563919714416687 -0.060425746835539584 -0.079882467408644145 -0.065663024329114861 0.049721764563445653 0.04137884872615262 -0.043926585355901299 -0.058246137888515674 0.022762033130946397 0.025984296605981297 0.0027307760045811669 -0.048209324089039385 0.034643366807612118 -0.037740902399479685 0.056261475817891649
leaf_weight=2.3579355254769387 1.9931916370987881 1.4805447775870586 1.7860976681113303 2.9609756655991069 2.4629368893802157 2.2387545444071275 2.0885264985263348 1.509224880486727 2.0250274389982224 1.395335525274277 1.1724839992821219 1.3531709574162958 1.8778976481407879 2.2137532979249954
leaf_count=24 24 14 18 68 23 29 21 14 11 22 16 15 15 20
internal_value=-0.0016119 0.00276479 -0.00290327 0.00603757 -0.00159194 -0.00952815 -0.000723397 0.0153694 -0.00974296 -0.0405503 -0.0293744 -0.00228623 -0.0194366 0.0449399
internal_weight=28.9159 26.9227 24.5647 19.811 16.85 14.387 12.6009 7.98676 4.26378 4.75378 4.61418 2.52565 3.27323 3.72298
internal_count=334 310 286 235 167 144 126 74 40 51 52 31 37 34
is_linear=0
shrinkage=0.05


Tree=62
num_leaves=14
num_cat=0
split_feature=6 1 18 1 24 0 19 27 32 6 23 6 40
split_gain=2.92123 3.59768 3.21145 2.69836 1.89717 2.32116 2.00915 1.95301 1.96147 1.28836 1.16882 0.742411 0.440423
threshold=0.64443168167099529 0.15275000000000002 224.75000000000003 0.86415000000000008 2.9079861111111116 0.56160000000000021 1.0000000180025095e-35 -0.00069444444444449738 0.42261904761904767 0.027594091236532111 2.0024305555555562 0.047807631532229694 79.351473861930359
decision_type=2 2 2 2 2 2 2 2 2 2 2 2 2
left_child=1 -1 9 4 5 -4 -7 8 -8 -3 12 -11 -9
right_child=-2 2 3 -5 -6 6 7 10 -10 11 -12 -13 -14
leaf_value=0.058960498003579775 -0.059572889850219468 -0.070449224893893755 -0.034230352604213185 -0.047656086852994259 0.054113587846072966 -0.025439943574357079 -0.04475350123746924 0.065443201956918606 0.028931945976160472 0.0094367816094940073 0.0038998652481378191 -0.039734826599038695 0.022874010654629538
leaf_weight=2.473397556692368 1.9238349273800839 1.9788802638649965 2.8242173828184667 1.9839724041521538 2.2723735570907584 2.2729603685438624 1.584710007533441 3.2379347272217158 1.8065703473985193 1.3196028489619496 1.8454977478832004 1.3433312010020015 1.4437508992850778
leaf_count=31 24 17 29 54 23 19 11 30 22 15 23 18 18
internal_value=-0.00156768 0.00268153 -0.00315246 0.00566317 0.0123085 0.00533509 0.0151114 0.0250645 -0.00436398 -0.0401554 0.0409441 -0.0140988 0.0541142
internal_weight=28.311 26.3872 23.9138 19.272 17.288 15.0156 12.1914 9.91846 3.39128 4.64181 6.52718 2.66293 4.68169
internal_count=334 310 279 229 175 152 123 104 33 50 71 33 48
is_linear=0
shrinkage=0.05


Tree=63
num_leaves=15
num_cat=0
split_feature=6 1 18 1 38 35 22 35 6 6 40 22 6 14
split_gain=2.74484 3.38783 2.9573 2.5336 1.72626 1.36954 1.50726 2.3633 2.40925 1.19459 1.10002 0.697426 0.692564 0.224491
threshold=0.64443168167099529 0.15275000000000002 224.75000000000003 0.86415000000000008 1531.4861518113446 5.7250000000000005 231.75000000000003 1.5500000000000003 0.067399015777441354 0.027594091236532111 39.316693053032175 229.75000000000003 0.047807631532229694 1.7500000000000002
decision_type=2 2 2 2 2 2 2 2 2 2 2 2 2 2
left_child=1 -1 9 4 5 6 7 8 13 -3 -8 -6 -11 -4
right_child=-2 2 3 -5 11 -7 10 -9 -10 12 -12 -13 -14 -15
leaf_value=0.058272002158816144 -0.058746096432761866 -0.068290143297767142 -0.024711991009526164 -0.047340180823644974 0.018338434562478422 -0.03032116610160282 0.05699843821932752 0.046930489485630111 0.02512375069058323 0.0090050921916924598 0.0061229647674094509 0.068874349945519761 -0.038667136079760495 -0.061588103868904537
leaf_weight=2.3810176923871103 1.856484755873679 1.9434509500861192 1.6645870544016417 1.9001417569816101 2.0086986813694234 2.3268894311040631 2.2562769427895546 1.5608768332749603 1.6452546734362838 1.31854116730392 2.4392923172563314 1.5076716020703314 1.3148973193019626 1.68263778463006
leaf_count=31 24 17 19 54 26 21 20 17 16 15 26 15 18 15
internal_value=-0.00152191 0.00258977 -0.00304656 0.0054668 0.0118694 0.00326586 0.01086 -0.00399838 -0.0215118 -0.0388043 0.0322907 0.0426941 -0.0135126 -0.0459488
internal_weight=27.8067 25.9502 23.5692 18.9923 17.0922 13.5758 11.2489 6.55336 4.99248 4.57689 4.69557 3.51637 2.63344 3.34722
internal_count=334 310 279 229 175 134 113 67 50 50 46 41 33 34
is_linear=0
shrinkage=0.05


Tree=64
num_leaves=15
num_cat=0
split_feature=6 1 18 1 24 44 11 6 6 24 6 22 4 23
split_gain=2.58104 3.1892 2.72426 2.37981 1.67221 2.49848 2.13863 1.39446 1.10684 0.960382 0.645739 0.640527 1.77835 0.624793
threshold=0.64443168167099529 0.15275000000000002 224.75000000000003 0.86415000000000008 2.2635416666666672 0.54000000000000015 0.1586500000000001 0.067399015777441354 0.027594091236532111 1.8756944444444448 0.047807631532229694 227.25000000000003 0.040449999999999937 1.2416666666666669
decision_type=2 2 2 2 2 2 2 2 2 2 2 2 2 2
left_child=1 -1 8 4 5 -4 7 9 -3 -7 -10 12 -8 -13
right_child=-2 2 3 -5 -6 6 11 -9 10 -11 -12 13 -14 -15
leaf_value=0.057598328895694308 -0.057943627326986505 -0.066162155199614894 -0.051383939310557826 -0.047022509154203251 0.048868358937858014 0 -0.040762246409063972 0.021311214244630478 0.0085927566521981687 -0.046974471219901053 -0.037606152923285757 0.0064012240647352689 0.0465462034432731 0.057310422745799894
leaf_weight=2.2918566111475291 1.7911316156387318 1.90974950604141 1.6358005441725314 1.8200345169752825 2.4647319726645938 2.0079052597284299 0.89087185263633761 2.4954748228192329 1.3175473380833866 2.1716674454510212 1.2879126444458959 1.0780228916555641 1.2569987028837202 2.934393422678113
leaf_count=31 24 17 14 54 25 17 6 17 15 18 18 16 25 37
internal_value=-0.00146172 0.00251135 -0.00292319 0.00528559 0.0114435 0.00443447 0.012277 -0.00670233 -0.037481 -0.0247037 -0.0129418 0.0334196 0.00790658 0.0453366
internal_weight=27.3541 25.563 23.2711 18.7559 16.9359 14.4711 12.8353 6.67505 4.51521 4.17957 2.60546 6.16029 2.14787 4.01242
internal_count=334 310 279 229 175 150 136 52 50 35 33 84 31 53
is_linear=0
shrinkage=0.05


Tree=65
num_leaves=11
num_cat=0
split_feature=0 6 24 24 11 40 10 37 33 1
split_gain=3.38883 1.78832 3.4961 1.63059 2.08958 1.10584 1.68637 1.57597 1.33841 0.917588
threshold=0.90160000000000007 0.64443168167099529 0.13819444444444448 2.2635416666666672 -0.18900000000000003 60.473274633232457 4.7500000000000009 0.10000000000000001 0.53571428571428581 0.44330000000000008
decision_type=2 2 2 2 2 2 2 2 2 2
left_child=1 2 -1 4 -4 6 8 -7 -6 -9
right_child=-2 -3 3 -5 5 7 -8 9 -10 -11
leaf_value=0.059199176033406943 0.049422936527459167 -0.056947440789274252 -0.050329944951105189 0.027783648593420102 -0.026534796455349226 -0.063156352336664251 0.041349433648721928 0.019838247557530928 0.018088511507406237 -0.028897152493622319
leaf_weight=1.974822703748951 2.9887594543397418 1.5300988685339678 3.2365965582430496 2.4570095986127845 3.9006972424685866 1.6358681805431832 2.2548906244337559 1.7951870150864127 2.690501619130373 1.8038500398397443
leaf_count=23 75 23 81 25 26 12 17 20 18 12
internal_value=1.54618e-05 -0.00629816 -0.00226175 -0.0089182 -0.0145421 -0.0056666 0.00466033 -0.0238148 -0.00757438 -0.00335727
internal_weight=26.2683 23.2795 21.7494 19.7746 17.3176 14.081 8.84609 5.23491 6.5912 3.59904
internal_count=332 257 234 211 186 105 61 44 44 32
is_linear=0
shrinkage=0.05


end of trees

feature_importances:
Column_11=81
Column_6=59
Column_5=54
Column_18=49
Column_1=47
Column_4=47
Column_0=46
Column_10=23
Column_22=21
Column_24=21
Column_38=21
Column_39=19
Column_44=19
Column_40=17
Column_19=15
Column_14=14
Column_37=14
Column_27=13
Column_7=12
Column_9=12
Column_23=12
Column_33=11
Column_32=10
Column_35=9
Column_20=7
Column_36=7
Column_2=6
Column_3=6
Column_13=6
Column_31=6
Column_41=6
Column_29=5
Column_8=3
Column_15=3
Column_17=2
Column_21=2
Column_34=2
Column_42=2
Column_16=1
Column_25=1

parameters:
[boosting: gbdt]
[objective: binary]
[metric: binary_logloss]
[tree_learner: serial]
[device_type: cpu]
[data_sample_strategy: bagging]
[data: ]
[valid: ]
[num_iterations: 66]
[learning_rate: 0.05]
[num_leaves: 31]
[num_threads: -1]
[seed: 0]
[deterministic: 0]
[force_col_wise: 0]
[force_row_wise: 0]
[histogram_pool_size: -1]
[max_depth: -1]
[min_data_in_leaf: 15]
[min_sum_hessian_in_leaf: 0.001]
[bagging_fraction: 0.8]
[pos_bagging_fraction: 1]
[neg_bagging_fraction: 1]
[bagging_freq: 5]
[bagging_seed: 3]
[bagging_by_query: 0]
[feature_fraction: 0.8]
[feature_fraction_bynode: 1]
[feature_fraction_seed: 2]
[extra_trees: 0]
[extra_seed: 6]
[early_stopping_round: 0]
[early_stopping_min_delta: 0]
[first_metric_only: 0]
[max_delta_step: 0]
[lambda_l1: 0.1]
[lambda_l2: 0.1]
[linear_lambda: 0]
[min_gain_to_split: 0]
[drop_rate: 0.1]
[max_drop: 50]
[skip_drop: 0.5]
[xgboost_dart_mode: 0]
[uniform_drop: 0]
[drop_seed: 4]
[top_rate: 0.2]
[other_rate: 0.1]
[min_data_per_group: 100]
[max_cat_threshold: 32]
[cat_l2: 10]
[cat_smooth: 10]
[max_cat_to_onehot: 4]
[top_k: 20]
[monotone_constraints: ]
[monotone_constraints_method: basic]
[monotone_penalty: 0]
[feature_contri: ]
[forcedsplits_filename: ]
[refit_decay_rate: 0.9]
[cegb_tradeoff: 1]
[cegb_penalty_split: 0]
[cegb_penalty_feature_lazy: ]
[cegb_penalty_feature_coupled: ]
[path_smooth: 0]
[interaction_constraints: ]
[verbosity: -1]
[saved_feature_importance_type: 0]
[use_quantized_grad: 0]
[num_grad_quant_bins: 4]
[quant_train_renew_leaf: 0]
[stochastic_rounding: 1]
[linear_tree: 0]
[max_bin: 255]
[max_bin_by_feature: ]
[min_data_in_bin: 3]
[bin_construct_sample_cnt: 200000]
[data_random_seed: 1]
[is_enable_sparse: 1]
[enable_bundle: 1]
[use_missing: 1]
[zero_as_missing: 0]
[feature_pre_filter: 1]
[pre_partition: 0]
[two_round: 0]
[header: 0]
[label_column: ]
[weight_column: ]
[group_column: ]
[ignore_column: ]
[categorical_feature: ]
[forcedbins_filename: ]
[precise_float_parser: 0]
[parser_config_file: ]
[objective_seed: 5]
[num_class: 1]
[is_unbalance: 0]
[scale_pos_weight: 1]
[sigmoid: 1]
[boost_from_average: 1]
[reg_sqrt: 0]
[alpha: 0.9]
[fair_c: 1]
[poisson_max_delta_step: 0.7]
[tweedie_variance_power: 1.5]
[lambdarank_truncation_level: 30]
[lambdarank_norm: 1]
[label_gain: ]
[lambdarank_position_bias_regularization: 0]
[eval_at: ]
[multi_error_top_k: 1]
[auc_mu_weights: ]
[num_machines: 1]
[local_listen_port: 12400]
[time_out: 120]
[machine_list_filename: ]
[machines: ]
[gpu_platform_id: -1]
[gpu_device_id: -1]
[gpu_use_dp: 0]
[num_gpu: 1]

end of parameters

pandas_categorical:null
